//  Connector#  Layer#  Pad#
//  (D1-D161)   (0-27)  (0-192)
	1	27 26	0 15
	2	25 24	0 15
	3	23 22	0 15
	4	21 20	0 15
	5	19 18	0 15
	6	17 16	0 15
	7	15 14	0 15
	8	13 12	0 15
	9	11 10	0 15
	10	9 8	0 15
	11	7 6	0 15
	12	5 4	0 15
	13	3 2	0 15
	14	1 0	0 15
	15	27 26	16 31
	16	25 24	16 31
	17	23 22	16 31
	18	21 20	16 31
	19	19 18	16 31
	20	17 16	16 31
	21	15 14	16 31
	22	13 12	16 31
	23	11 10	16 31
	24	9 8	16 31
	25	7 6	16 31
	26	5 4	16 31
	27	3 2	16 31
	28	1 0	16 31
	29	1 0	32 47
	30	27 26	32 47
	31	25 24	32 47
	32	23 22	32 47
	33	21 20	32 47
	34	19 18	32 47
	35	17 16	32 47
	36	15 14	32 47
	37	13 12	32 47
	38	11 10	32 47
	39	9 8	32 47
	40	7 6	32 47
	41	5 4	32 47
	42	3 2	32 47
	43	27 26	48 63
	44	25 24	48 63
	45	23 22	48 63
	46	21 20	48 63
	47	19 18	48 63
	48	17 16	48 63
	49	15 14	48 63
	50	13 12	48 63
	51	11 10	48 63
	52	9 8	48 63
	53	7 6	48 63
	54	5 4	48 63
	55	3 2	48 63
	56	1 0	48 63
	57	27 26	64 79
	58	25 24	64 79
	59	23 22	64 79
	60	21 20	64 79
	61	19 18	64 79
	62	17 16	64 79
	63	15 14	64 79
	64	13 12	64 79
	65	11 10	64 79
	66	9 8	64 79
	67	7 6	64 79
	68	5 4	64 79
	69	3 2	64 79
	70	27 26	80 95
	71	25 24	80 95
	72	23 22	80 95
	73	21 20	80 95
	74	19 18	80 95
	75	17 16	80 95
	76	15 14	80 95
	77	13 12	80 95
	78	11 10	80 95
	79	9 8	80 95
	80	7 6	80 95
	81	5 4	80 95
	82	3 2	80 95
	83	1 0	80 95
	84	1 0	64 79
	85	5 4	160 175
	86	27 26	96 111
	87	25 24	96 111
	88	23 22	96 111
	89	21 20	96 111
	90	19 18	96 111
	91	17 16	96 111
	92	15 14	96 111
	93	13 12	96 111
	94	11 10	96 111
	95	9 8	96 111
	96	7 6	96 111
	97	5 4	96 111
	98	3 2	96 111
	99	1 0	96 111
	100	3 2	160 175
	101	27 26	112 127
	102	25 24	112 127
	103	23 22	112 127
	104	21 20	112 127
	105	19 18	112 127
	106	17 16	112 127
	107	15 14	112 127
	108	13 12	112 127
	109	11 10	112 127
	110	9 8	112 127
	111	7 6	112 127
	112	5 4	112 127
	113	3 2	112 127
	114	1 0	112 127
	115	1 0	128 143
	116	1 0	160 175
	117	27 26	128 143
	118	25 24	128 143
	119	23 22	128 143
	120	21 20	128 143
	121	19 18	128 143
	122	17 16	128 143
	123	15 14	128 143
	124	13 12	128 143
	125	11 10	128 143
	126	9 8	128 143
	127	7 6	128 143
	128	5 4	128 143
	129	3 2	128 143
	130	27 26	144 159
	131	25 24	144 159
	132	23 22	144 159
	133	21 20	144 159
	134	19 18	144 159
	135	17 16	144 159
	136	15 14	144 159
	137	13 12	144 159
	138	11 10	144 159
	139	9 8	144 159
	140	7 6	144 159
	141	5 4	144 159
	142	3 2	144 159
	143	1 0	144 159
	144	27 26	160 175
	145	25 24	160 175
	146	23 22	160 175
	147	21 20	160 175
	148	19 18	160 175
	149	17 16	160 175
	150	15 14	160 175
	151	21 20	176 191
	152	19 18	176 191
	153	17 16	176 191
	154	15 14	176 191
	155	13 12	160 175
	156	11 10	160 175
	157	9 8	160 175
	158	7 6	160 175
	159	27 26	176 191
	160	25 24	176 191
	161	23 22	176 191

