#/ Mapping list of hardware channel to soft ware channnel.
#/ soft ware channels are asigned by anti-clockwise from surface.
#/ designed for the data for Jul.08.
#/ 	 RCU 	 channel module layer 	 pad
	 2	 0	  3	  0	  63
	 2	 1	  3	  0	  62
	 2	 2	  3	  0	  61
	 2	 3	  3	  0	  60
	 2	 4	  3	  0	  59
	 2	 5	  3	  0	  58
	 2	 6	  3	  0	  57
	 2	 7	  3	  0	  56
	 2	 8	  3	  0	  48
	 2	 9	  3	  0	  49
	 2	 10	  3	  0	  50
	 2	 11	  3	  0	  51
	 2	 12	  3	  0	  52
	 2	 13	  3	  0	  53
	 2	 14	  3	  0	  54
	 2	 15	  3	  0	  55
	 2	 16	  3	  1	  48
	 2	 17	  3	  1	  49
	 2	 18	  3	  1	  50
	 2	 19	  3	  1	  51
	 2	 20	  3	  1	  52
	 2	 21	  3	  1	  53
	 2	 22	  3	  1	  54
	 2	 23	  3	  1	  55
	 2	 24	  3	  1	  63
	 2	 25	  3	  1	  62
	 2	 26	  3	  1	  61
	 2	 27	  3	  1	  60
	 2	 28	  3	  1	  59
	 2	 29	  3	  1	  58
	 2	 30	  3	  1	  57
	 2	 31	  3	  1	  56
	 2	 32	  3	  2	  63
	 2	 33	  3	  2	  62
	 2	 34	  3	  2	  61
	 2	 35	  3	  2	  60
	 2	 36	  3	  2	  59
	 2	 37	  3	  2	  58
	 2	 38	  3	  2	  57
	 2	 39	  3	  2	  56
	 2	 40	  3	  2	  48
	 2	 41	  3	  2	  49
	 2	 42	  3	  2	  50
	 2	 43	  3	  2	  51
	 2	 44	  3	  2	  52
	 2	 45	  3	  2	  53
	 2	 46	  3	  2	  54
	 2	 47	  3	  2	  55
	 2	 48	  3	  3	  48
	 2	 49	  3	  3	  49
	 2	 50	  3	  3	  50
	 2	 51	  3	  3	  51
	 2	 52	  3	  3	  52
	 2	 53	  3	  3	  53
	 2	 54	  3	  3	  54
	 2	 55	  3	  3	  55
	 2	 56	  3	  3	  63
	 2	 57	  3	  3	  62
	 2	 58	  3	  3	  61
	 2	 59	  3	  3	  60
	 2	 60	  3	  3	  59
	 2	 61	  3	  3	  58
	 2	 62	  3	  3	  57
	 2	 63	  3	  3	  56
	 2	 64	  3	  4	  63
	 2	 65	  3	  4	  62
	 2	 66	  3	  4	  61
	 2	 67	  3	  4	  60
	 2	 68	  3	  4	  59
	 2	 69	  3	  4	  58
	 2	 70	  3	  4	  57
	 2	 71	  3	  4	  56
	 2	 72	  3	  4	  48
	 2	 73	  3	  4	  49
	 2	 74	  3	  4	  50
	 2	 75	  3	  4	  51
	 2	 76	  3	  4	  52
	 2	 77	  3	  4	  53
	 2	 78	  3	  4	  54
	 2	 79	  3	  4	  55
	 2	 80	  3	  5	  48
	 2	 81	  3	  5	  49
	 2	 82	  3	  5	  50
	 2	 83	  3	  5	  51
	 2	 84	  3	  5	  52
	 2	 85	  3	  5	  53
	 2	 86	  3	  5	  54
	 2	 87	  3	  5	  55
	 2	 88	  3	  5	  63
	 2	 89	  3	  5	  62
	 2	 90	  3	  5	  61
	 2	 91	  3	  5	  60
	 2	 92	  3	  5	  59
	 2	 93	  3	  5	  58
	 2	 94	  3	  5	  57
	 2	 95	  3	  5	  56
	 2	 96	  3	  6	  63
	 2	 97	  3	  6	  62
	 2	 98	  3	  6	  61
	 2	 99	  3	  6	  60
	 2	 100	  3	  6	  59
	 2	 101	  3	  6	  58
	 2	 102	  3	  6	  57
	 2	 103	  3	  6	  56
	 2	 104	  3	  6	  48
	 2	 105	  3	  6	  49
	 2	 106	  3	  6	  50
	 2	 107	  3	  6	  51
	 2	 108	  3	  6	  52
	 2	 109	  3	  6	  53
	 2	 110	  3	  6	  54
	 2	 111	  3	  6	  55
	 2	 112	  3	  7	  48
	 2	 113	  3	  7	  49
	 2	 114	  3	  7	  50
	 2	 115	  3	  7	  51
	 2	 116	  3	  7	  52
	 2	 117	  3	  7	  53
	 2	 118	  3	  7	  54
	 2	 119	  3	  7	  55
	 2	 120	  3	  7	  63
	 2	 121	  3	  7	  62
	 2	 122	  3	  7	  61
	 2	 123	  3	  7	  60
	 2	 124	  3	  7	  59
	 2	 125	  3	  7	  58
	 2	 126	  3	  7	  57
	 2	 127	  3	  7	  56
	 2	 128	  3	  8	  63
	 2	 129	  3	  8	  62
	 2	 130	  3	  8	  61
	 2	 131	  3	  8	  60
	 2	 132	  3	  8	  59
	 2	 133	  3	  8	  58
	 2	 134	  3	  8	  57
	 2	 135	  3	  8	  56
	 2	 136	  3	  8	  48
	 2	 137	  3	  8	  49
	 2	 138	  3	  8	  50
	 2	 139	  3	  8	  51
	 2	 140	  3	  8	  52
	 2	 141	  3	  8	  53
	 2	 142	  3	  8	  54
	 2	 143	  3	  8	  55
	 2	 144	  3	  9	  48
	 2	 145	  3	  9	  49
	 2	 146	  3	  9	  50
	 2	 147	  3	  9	  51
	 2	 148	  3	  9	  52
	 2	 149	  3	  9	  53
	 2	 150	  3	  9	  54
	 2	 151	  3	  9	  55
	 2	 152	  3	  9	  63
	 2	 153	  3	  9	  62
	 2	 154	  3	  9	  61
	 2	 155	  3	  9	  60
	 2	 156	  3	  9	  59
	 2	 157	  3	  9	  58
	 2	 158	  3	  9	  57
	 2	 159	  3	  9	  56
	 2	 160	  3	  10	  63
	 2	 161	  3	  10	  62
	 2	 162	  3	  10	  61
	 2	 163	  3	  10	  60
	 2	 164	  3	  10	  59
	 2	 165	  3	  10	  58
	 2	 166	  3	  10	  57
	 2	 167	  3	  10	  56
	 2	 168	  3	  10	  48
	 2	 169	  3	  10	  49
	 2	 170	  3	  10	  50
	 2	 171	  3	  10	  51
	 2	 172	  3	  10	  52
	 2	 173	  3	  10	  53
	 2	 174	  3	  10	  54
	 2	 175	  3	  10	  55
	 2	 176	  3	  11	  48
	 2	 177	  3	  11	  49
	 2	 178	  3	  11	  50
	 2	 179	  3	  11	  51
	 2	 180	  3	  11	  52
	 2	 181	  3	  11	  53
	 2	 182	  3	  11	  54
	 2	 183	  3	  11	  55
	 2	 184	  3	  11	  63
	 2	 185	  3	  11	  62
	 2	 186	  3	  11	  61
	 2	 187	  3	  11	  60
	 2	 188	  3	  11	  59
	 2	 189	  3	  11	  58
	 2	 190	  3	  11	  57
	 2	 191	  3	  11	  56
	 2	 192	  3	  12	  63
	 2	 193	  3	  12	  62
	 2	 194	  3	  12	  61
	 2	 195	  3	  12	  60
	 2	 196	  3	  12	  59
	 2	 197	  3	  12	  58
	 2	 198	  3	  12	  57
	 2	 199	  3	  12	  56
	 2	 200	  3	  12	  48
	 2	 201	  3	  12	  49
	 2	 202	  3	  12	  50
	 2	 203	  3	  12	  51
	 2	 204	  3	  12	  52
	 2	 205	  3	  12	  53
	 2	 206	  3	  12	  54
	 2	 207	  3	  12	  55
	 2	 208	  3	  13	  48
	 2	 209	  3	  13	  49
	 2	 210	  3	  13	  50
	 2	 211	  3	  13	  51
	 2	 212	  3	  13	  52
	 2	 213	  3	  13	  53
	 2	 214	  3	  13	  54
	 2	 215	  3	  13	  55
	 2	 216	  3	  13	  63
	 2	 217	  3	  13	  62
	 2	 218	  3	  13	  61
	 2	 219	  3	  13	  60
	 2	 220	  3	  13	  59
	 2	 221	  3	  13	  58
	 2	 222	  3	  13	  57
	 2	 223	  3	  13	  56
	 2	 224	  3	  14	  63
	 2	 225	  3	  14	  62
	 2	 226	  3	  14	  61
	 2	 227	  3	  14	  60
	 2	 228	  3	  14	  59
	 2	 229	  3	  14	  58
	 2	 230	  3	  14	  57
	 2	 231	  3	  14	  56
	 2	 232	  3	  14	  48
	 2	 233	  3	  14	  49
	 2	 234	  3	  14	  50
	 2	 235	  3	  14	  51
	 2	 236	  3	  14	  52
	 2	 237	  3	  14	  53
	 2	 238	  3	  14	  54
	 2	 239	  3	  14	  55
	 2	 240	  3	  15	  48
	 2	 241	  3	  15	  49
	 2	 242	  3	  15	  50
	 2	 243	  3	  15	  51
	 2	 244	  3	  15	  52
	 2	 245	  3	  15	  53
	 2	 246	  3	  15	  54
	 2	 247	  3	  15	  55
	 2	 248	  3	  15	  63
	 2	 249	  3	  15	  62
	 2	 250	  3	  15	  61
	 2	 251	  3	  15	  60
	 2	 252	  3	  15	  59
	 2	 253	  3	  15	  58
	 2	 254	  3	  15	  57
	 2	 255	  3	  15	  56
	 2	 256	  3	  16	  63
	 2	 257	  3	  16	  62
	 2	 258	  3	  16	  61
	 2	 259	  3	  16	  60
	 2	 260	  3	  16	  59
	 2	 261	  3	  16	  58
	 2	 262	  3	  16	  57
	 2	 263	  3	  16	  56
	 2	 264	  3	  16	  48
	 2	 265	  3	  16	  49
	 2	 266	  3	  16	  50
	 2	 267	  3	  16	  51
	 2	 268	  3	  16	  52
	 2	 269	  3	  16	  53
	 2	 270	  3	  16	  54
	 2	 271	  3	  16	  55
	 2	 272	  3	  17	  48
	 2	 273	  3	  17	  49
	 2	 274	  3	  17	  50
	 2	 275	  3	  17	  51
	 2	 276	  3	  17	  52
	 2	 277	  3	  17	  53
	 2	 278	  3	  17	  54
	 2	 279	  3	  17	  55
	 2	 280	  3	  17	  63
	 2	 281	  3	  17	  62
	 2	 282	  3	  17	  61
	 2	 283	  3	  17	  60
	 2	 284	  3	  17	  59
	 2	 285	  3	  17	  58
	 2	 286	  3	  17	  57
	 2	 287	  3	  17	  56
	 2	 288	  3	  18	  63
	 2	 289	  3	  18	  62
	 2	 290	  3	  18	  61
	 2	 291	  3	  18	  60
	 2	 292	  3	  18	  59
	 2	 293	  3	  18	  58
	 2	 294	  3	  18	  57
	 2	 295	  3	  18	  56
	 2	 296	  3	  18	  48
	 2	 297	  3	  18	  49
	 2	 298	  3	  18	  50
	 2	 299	  3	  18	  51
	 2	 300	  3	  18	  52
	 2	 301	  3	  18	  53
	 2	 302	  3	  18	  54
	 2	 303	  3	  18	  55
	 2	 304	  3	  19	  48
	 2	 305	  3	  19	  49
	 2	 306	  3	  19	  50
	 2	 307	  3	  19	  51
	 2	 308	  3	  19	  52
	 2	 309	  3	  19	  53
	 2	 310	  3	  19	  54
	 2	 311	  3	  19	  55
	 2	 312	  3	  19	  63
	 2	 313	  3	  19	  62
	 2	 314	  3	  19	  61
	 2	 315	  3	  19	  60
	 2	 316	  3	  19	  59
	 2	 317	  3	  19	  58
	 2	 318	  3	  19	  57
	 2	 319	  3	  19	  56
	 2	 320	  3	  20	  63
	 2	 321	  3	  20	  62
	 2	 322	  3	  20	  61
	 2	 323	  3	  20	  60
	 2	 324	  3	  20	  59
	 2	 325	  3	  20	  58
	 2	 326	  3	  20	  57
	 2	 327	  3	  20	  56
	 2	 328	  3	  20	  48
	 2	 329	  3	  20	  49
	 2	 330	  3	  20	  50
	 2	 331	  3	  20	  51
	 2	 332	  3	  20	  52
	 2	 333	  3	  20	  53
	 2	 334	  3	  20	  54
	 2	 335	  3	  20	  55
	 2	 336	  3	  21	  48
	 2	 337	  3	  21	  49
	 2	 338	  3	  21	  50
	 2	 339	  3	  21	  51
	 2	 340	  3	  21	  52
	 2	 341	  3	  21	  53
	 2	 342	  3	  21	  54
	 2	 343	  3	  21	  55
	 2	 344	  3	  21	  63
	 2	 345	  3	  21	  62
	 2	 346	  3	  21	  61
	 2	 347	  3	  21	  60
	 2	 348	  3	  21	  59
	 2	 349	  3	  21	  58
	 2	 350	  3	  21	  57
	 2	 351	  3	  21	  56
	 2	 352	  3	  22	  63
	 2	 353	  3	  22	  62
	 2	 354	  3	  22	  61
	 2	 355	  3	  22	  60
	 2	 356	  3	  22	  59
	 2	 357	  3	  22	  58
	 2	 358	  3	  22	  57
	 2	 359	  3	  22	  56
	 2	 360	  3	  22	  48
	 2	 361	  3	  22	  49
	 2	 362	  3	  22	  50
	 2	 363	  3	  22	  51
	 2	 364	  3	  22	  52
	 2	 365	  3	  22	  53
	 2	 366	  3	  22	  54
	 2	 367	  3	  22	  55
	 2	 368	  3	  23	  48
	 2	 369	  3	  23	  49
	 2	 370	  3	  23	  50
	 2	 371	  3	  23	  51
	 2	 372	  3	  23	  52
	 2	 373	  3	  23	  53
	 2	 374	  3	  23	  54
	 2	 375	  3	  23	  55
	 2	 376	  3	  23	  63
	 2	 377	  3	  23	  62
	 2	 378	  3	  23	  61
	 2	 379	  3	  23	  60
	 2	 380	  3	  23	  59
	 2	 381	  3	  23	  58
	 2	 382	  3	  23	  57
	 2	 383	  3	  23	  56
	 2	 384	  3	  24	  63
	 2	 385	  3	  24	  62
	 2	 386	  3	  24	  61
	 2	 387	  3	  24	  60
	 2	 388	  3	  24	  59
	 2	 389	  3	  24	  58
	 2	 390	  3	  24	  57
	 2	 391	  3	  24	  56
	 2	 392	  3	  24	  48
	 2	 393	  3	  24	  49
	 2	 394	  3	  24	  50
	 2	 395	  3	  24	  51
	 2	 396	  3	  24	  52
	 2	 397	  3	  24	  53
	 2	 398	  3	  24	  54
	 2	 399	  3	  24	  55
	 2	 400	  3	  25	  48
	 2	 401	  3	  25	  49
	 2	 402	  3	  25	  50
	 2	 403	  3	  25	  51
	 2	 404	  3	  25	  52
	 2	 405	  3	  25	  53
	 2	 406	  3	  25	  54
	 2	 407	  3	  25	  55
	 2	 408	  3	  25	  63
	 2	 409	  3	  25	  62
	 2	 410	  3	  25	  61
	 2	 411	  3	  25	  60
	 2	 412	  3	  25	  59
	 2	 413	  3	  25	  58
	 2	 414	  3	  25	  57
	 2	 415	  3	  25	  56
	 2	 416	  3	  26	  63
	 2	 417	  3	  26	  62
	 2	 418	  3	  26	  61
	 2	 419	  3	  26	  60
	 2	 420	  3	  26	  59
	 2	 421	  3	  26	  58
	 2	 422	  3	  26	  57
	 2	 423	  3	  26	  56
	 2	 424	  3	  26	  48
	 2	 425	  3	  26	  49
	 2	 426	  3	  26	  50
	 2	 427	  3	  26	  51
	 2	 428	  3	  26	  52
	 2	 429	  3	  26	  53
	 2	 430	  3	  26	  54
	 2	 431	  3	  26	  55
	 2	 432	  3	  27	  48
	 2	 433	  3	  27	  49
	 2	 434	  3	  27	  50
	 2	 435	  3	  27	  51
	 2	 436	  3	  27	  52
	 2	 437	  3	  27	  53
	 2	 438	  3	  27	  54
	 2	 439	  3	  27	  55
	 2	 440	  3	  27	  63
	 2	 441	  3	  27	  62
	 2	 442	  3	  27	  61
	 2	 443	  3	  27	  60
	 2	 444	  3	  27	  59
	 2	 445	  3	  27	  58
	 2	 446	  3	  27	  57
	 2	 447	  3	  27	  56
	 2	 448	  3	  27	  64
	 2	 449	  3	  27	  65
	 2	 450	  3	  27	  66
	 2	 451	  3	  27	  67
	 2	 452	  3	  27	  68
	 2	 453	  3	  27	  69
	 2	 454	  3	  27	  70
	 2	 455	  3	  27	  71
	 2	 456	  3	  27	  79
	 2	 457	  3	  27	  78
	 2	 458	  3	  27	  77
	 2	 459	  3	  27	  76
	 2	 460	  3	  27	  75
	 2	 461	  3	  27	  74
	 2	 462	  3	  27	  73
	 2	 463	  3	  27	  72
	 2	 464	  3	  26	  79
	 2	 465	  3	  26	  78
	 2	 466	  3	  26	  77
	 2	 467	  3	  26	  76
	 2	 468	  3	  26	  75
	 2	 469	  3	  26	  74
	 2	 470	  3	  26	  73
	 2	 471	  3	  26	  72
	 2	 472	  3	  26	  64
	 2	 473	  3	  26	  65
	 2	 474	  3	  26	  66
	 2	 475	  3	  26	  67
	 2	 476	  3	  26	  68
	 2	 477	  3	  26	  69
	 2	 478	  3	  26	  70
	 2	 479	  3	  26	  71
	 2	 480	  3	  27	  16
	 2	 481	  3	  27	  17
	 2	 482	  3	  27	  18
	 2	 483	  3	  27	  19
	 2	 484	  3	  27	  20
	 2	 485	  3	  27	  21
	 2	 486	  3	  27	  22
	 2	 487	  3	  27	  23
	 2	 488	  3	  27	  31
	 2	 489	  3	  27	  30
	 2	 490	  3	  27	  29
	 2	 491	  3	  27	  28
	 2	 492	  3	  27	  27
	 2	 493	  3	  27	  26
	 2	 494	  3	  27	  25
	 2	 495	  3	  27	  24
	 2	 496	  3	  26	  31
	 2	 497	  3	  26	  30
	 2	 498	  3	  26	  29
	 2	 499	  3	  26	  28
	 2	 500	  3	  26	  27
	 2	 501	  3	  26	  26
	 2	 502	  3	  26	  25
	 2	 503	  3	  26	  24
	 2	 504	  3	  26	  16
	 2	 505	  3	  26	  17
	 2	 506	  3	  26	  18
	 2	 507	  3	  26	  19
	 2	 508	  3	  26	  20
	 2	 509	  3	  26	  21
	 2	 510	  3	  26	  22
	 2	 511	  3	  26	  23
	 2	 1024	  3	  3	  32
	 2	 1025	  3	  3	  33
	 2	 1026	  3	  3	  34
	 2	 1027	  3	  3	  35
	 2	 1028	  3	  3	  36
	 2	 1029	  3	  3	  37
	 2	 1030	  3	  3	  38
	 2	 1031	  3	  3	  39
	 2	 1032	  3	  3	  47
	 2	 1033	  3	  3	  46
	 2	 1034	  3	  3	  45
	 2	 1035	  3	  3	  44
	 2	 1036	  3	  3	  43
	 2	 1037	  3	  3	  42
	 2	 1038	  3	  3	  41
	 2	 1039	  3	  3	  40
	 2	 1040	  3	  2	  47
	 2	 1041	  3	  2	  46
	 2	 1042	  3	  2	  45
	 2	 1043	  3	  2	  44
	 2	 1044	  3	  2	  43
	 2	 1045	  3	  2	  42
	 2	 1046	  3	  2	  41
	 2	 1047	  3	  2	  40
	 2	 1048	  3	  2	  32
	 2	 1049	  3	  2	  33
	 2	 1050	  3	  2	  34
	 2	 1051	  3	  2	  35
	 2	 1052	  3	  2	  36
	 2	 1053	  3	  2	  37
	 2	 1054	  3	  2	  38
	 2	 1055	  3	  2	  39
	 2	 1056	  3	  5	  32
	 2	 1057	  3	  5	  33
	 2	 1058	  3	  5	  34
	 2	 1059	  3	  5	  35
	 2	 1060	  3	  5	  36
	 2	 1061	  3	  5	  37
	 2	 1062	  3	  5	  38
	 2	 1063	  3	  5	  39
	 2	 1064	  3	  5	  47
	 2	 1065	  3	  5	  46
	 2	 1066	  3	  5	  45
	 2	 1067	  3	  5	  44
	 2	 1068	  3	  5	  43
	 2	 1069	  3	  5	  42
	 2	 1070	  3	  5	  41
	 2	 1071	  3	  5	  40
	 2	 1072	  3	  4	  47
	 2	 1073	  3	  4	  46
	 2	 1074	  3	  4	  45
	 2	 1075	  3	  4	  44
	 2	 1076	  3	  4	  43
	 2	 1077	  3	  4	  42
	 2	 1078	  3	  4	  41
	 2	 1079	  3	  4	  40
	 2	 1080	  3	  4	  32
	 2	 1081	  3	  4	  33
	 2	 1082	  3	  4	  34
	 2	 1083	  3	  4	  35
	 2	 1084	  3	  4	  36
	 2	 1085	  3	  4	  37
	 2	 1086	  3	  4	  38
	 2	 1087	  3	  4	  39
	 2	 1088	  3	  7	  32
	 2	 1089	  3	  7	  33
	 2	 1090	  3	  7	  34
	 2	 1091	  3	  7	  35
	 2	 1092	  3	  7	  36
	 2	 1093	  3	  7	  37
	 2	 1094	  3	  7	  38
	 2	 1095	  3	  7	  39
	 2	 1096	  3	  7	  47
	 2	 1097	  3	  7	  46
	 2	 1098	  3	  7	  45
	 2	 1099	  3	  7	  44
	 2	 1100	  3	  7	  43
	 2	 1101	  3	  7	  42
	 2	 1102	  3	  7	  41
	 2	 1103	  3	  7	  40
	 2	 1104	  3	  6	  47
	 2	 1105	  3	  6	  46
	 2	 1106	  3	  6	  45
	 2	 1107	  3	  6	  44
	 2	 1108	  3	  6	  43
	 2	 1109	  3	  6	  42
	 2	 1110	  3	  6	  41
	 2	 1111	  3	  6	  40
	 2	 1112	  3	  6	  32
	 2	 1113	  3	  6	  33
	 2	 1114	  3	  6	  34
	 2	 1115	  3	  6	  35
	 2	 1116	  3	  6	  36
	 2	 1117	  3	  6	  37
	 2	 1118	  3	  6	  38
	 2	 1119	  3	  6	  39
	 2	 1120	  3	  9	  32
	 2	 1121	  3	  9	  33
	 2	 1122	  3	  9	  34
	 2	 1123	  3	  9	  35
	 2	 1124	  3	  9	  36
	 2	 1125	  3	  9	  37
	 2	 1126	  3	  9	  38
	 2	 1127	  3	  9	  39
	 2	 1128	  3	  9	  47
	 2	 1129	  3	  9	  46
	 2	 1130	  3	  9	  45
	 2	 1131	  3	  9	  44
	 2	 1132	  3	  9	  43
	 2	 1133	  3	  9	  42
	 2	 1134	  3	  9	  41
	 2	 1135	  3	  9	  40
	 2	 1136	  3	  8	  47
	 2	 1137	  3	  8	  46
	 2	 1138	  3	  8	  45
	 2	 1139	  3	  8	  44
	 2	 1140	  3	  8	  43
	 2	 1141	  3	  8	  42
	 2	 1142	  3	  8	  41
	 2	 1143	  3	  8	  40
	 2	 1144	  3	  8	  32
	 2	 1145	  3	  8	  33
	 2	 1146	  3	  8	  34
	 2	 1147	  3	  8	  35
	 2	 1148	  3	  8	  36
	 2	 1149	  3	  8	  37
	 2	 1150	  3	  8	  38
	 2	 1151	  3	  8	  39
	 2	 1152	  3	  11	  32
	 2	 1153	  3	  11	  33
	 2	 1154	  3	  11	  34
	 2	 1155	  3	  11	  35
	 2	 1156	  3	  11	  36
	 2	 1157	  3	  11	  37
	 2	 1158	  3	  11	  38
	 2	 1159	  3	  11	  39
	 2	 1160	  3	  11	  47
	 2	 1161	  3	  11	  46
	 2	 1162	  3	  11	  45
	 2	 1163	  3	  11	  44
	 2	 1164	  3	  11	  43
	 2	 1165	  3	  11	  42
	 2	 1166	  3	  11	  41
	 2	 1167	  3	  11	  40
	 2	 1168	  3	  10	  47
	 2	 1169	  3	  10	  46
	 2	 1170	  3	  10	  45
	 2	 1171	  3	  10	  44
	 2	 1172	  3	  10	  43
	 2	 1173	  3	  10	  42
	 2	 1174	  3	  10	  41
	 2	 1175	  3	  10	  40
	 2	 1176	  3	  10	  32
	 2	 1177	  3	  10	  33
	 2	 1178	  3	  10	  34
	 2	 1179	  3	  10	  35
	 2	 1180	  3	  10	  36
	 2	 1181	  3	  10	  37
	 2	 1182	  3	  10	  38
	 2	 1183	  3	  10	  39
	 2	 1184	  3	  13	  32
	 2	 1185	  3	  13	  33
	 2	 1186	  3	  13	  34
	 2	 1187	  3	  13	  35
	 2	 1188	  3	  13	  36
	 2	 1189	  3	  13	  37
	 2	 1190	  3	  13	  38
	 2	 1191	  3	  13	  39
	 2	 1192	  3	  13	  47
	 2	 1193	  3	  13	  46
	 2	 1194	  3	  13	  45
	 2	 1195	  3	  13	  44
	 2	 1196	  3	  13	  43
	 2	 1197	  3	  13	  42
	 2	 1198	  3	  13	  41
	 2	 1199	  3	  13	  40
	 2	 1200	  3	  12	  47
	 2	 1201	  3	  12	  46
	 2	 1202	  3	  12	  45
	 2	 1203	  3	  12	  44
	 2	 1204	  3	  12	  43
	 2	 1205	  3	  12	  42
	 2	 1206	  3	  12	  41
	 2	 1207	  3	  12	  40
	 2	 1208	  3	  12	  32
	 2	 1209	  3	  12	  33
	 2	 1210	  3	  12	  34
	 2	 1211	  3	  12	  35
	 2	 1212	  3	  12	  36
	 2	 1213	  3	  12	  37
	 2	 1214	  3	  12	  38
	 2	 1215	  3	  12	  39
	 2	 1216	  3	  15	  32
	 2	 1217	  3	  15	  33
	 2	 1218	  3	  15	  34
	 2	 1219	  3	  15	  35
	 2	 1220	  3	  15	  36
	 2	 1221	  3	  15	  37
	 2	 1222	  3	  15	  38
	 2	 1223	  3	  15	  39
	 2	 1224	  3	  15	  47
	 2	 1225	  3	  15	  46
	 2	 1226	  3	  15	  45
	 2	 1227	  3	  15	  44
	 2	 1228	  3	  15	  43
	 2	 1229	  3	  15	  42
	 2	 1230	  3	  15	  41
	 2	 1231	  3	  15	  40
	 2	 1232	  3	  14	  47
	 2	 1233	  3	  14	  46
	 2	 1234	  3	  14	  45
	 2	 1235	  3	  14	  44
	 2	 1236	  3	  14	  43
	 2	 1237	  3	  14	  42
	 2	 1238	  3	  14	  41
	 2	 1239	  3	  14	  40
	 2	 1240	  3	  14	  32
	 2	 1241	  3	  14	  33
	 2	 1242	  3	  14	  34
	 2	 1243	  3	  14	  35
	 2	 1244	  3	  14	  36
	 2	 1245	  3	  14	  37
	 2	 1246	  3	  14	  38
	 2	 1247	  3	  14	  39
	 2	 1248	  3	  17	  32
	 2	 1249	  3	  17	  33
	 2	 1250	  3	  17	  34
	 2	 1251	  3	  17	  35
	 2	 1252	  3	  17	  36
	 2	 1253	  3	  17	  37
	 2	 1254	  3	  17	  38
	 2	 1255	  3	  17	  39
	 2	 1256	  3	  17	  47
	 2	 1257	  3	  17	  46
	 2	 1258	  3	  17	  45
	 2	 1259	  3	  17	  44
	 2	 1260	  3	  17	  43
	 2	 1261	  3	  17	  42
	 2	 1262	  3	  17	  41
	 2	 1263	  3	  17	  40
	 2	 1264	  3	  16	  47
	 2	 1265	  3	  16	  46
	 2	 1266	  3	  16	  45
	 2	 1267	  3	  16	  44
	 2	 1268	  3	  16	  43
	 2	 1269	  3	  16	  42
	 2	 1270	  3	  16	  41
	 2	 1271	  3	  16	  40
	 2	 1272	  3	  16	  32
	 2	 1273	  3	  16	  33
	 2	 1274	  3	  16	  34
	 2	 1275	  3	  16	  35
	 2	 1276	  3	  16	  36
	 2	 1277	  3	  16	  37
	 2	 1278	  3	  16	  38
	 2	 1279	  3	  16	  39
	 2	 1280	  3	  19	  32
	 2	 1281	  3	  19	  33
	 2	 1282	  3	  19	  34
	 2	 1283	  3	  19	  35
	 2	 1284	  3	  19	  36
	 2	 1285	  3	  19	  37
	 2	 1286	  3	  19	  38
	 2	 1287	  3	  19	  39
	 2	 1288	  3	  19	  47
	 2	 1289	  3	  19	  46
	 2	 1290	  3	  19	  45
	 2	 1291	  3	  19	  44
	 2	 1292	  3	  19	  43
	 2	 1293	  3	  19	  42
	 2	 1294	  3	  19	  41
	 2	 1295	  3	  19	  40
	 2	 1296	  3	  18	  47
	 2	 1297	  3	  18	  46
	 2	 1298	  3	  18	  45
	 2	 1299	  3	  18	  44
	 2	 1300	  3	  18	  43
	 2	 1301	  3	  18	  42
	 2	 1302	  3	  18	  41
	 2	 1303	  3	  18	  40
	 2	 1304	  3	  18	  32
	 2	 1305	  3	  18	  33
	 2	 1306	  3	  18	  34
	 2	 1307	  3	  18	  35
	 2	 1308	  3	  18	  36
	 2	 1309	  3	  18	  37
	 2	 1310	  3	  18	  38
	 2	 1311	  3	  18	  39
	 2	 1312	  3	  21	  32
	 2	 1313	  3	  21	  33
	 2	 1314	  3	  21	  34
	 2	 1315	  3	  21	  35
	 2	 1316	  3	  21	  36
	 2	 1317	  3	  21	  37
	 2	 1318	  3	  21	  38
	 2	 1319	  3	  21	  39
	 2	 1320	  3	  21	  47
	 2	 1321	  3	  21	  46
	 2	 1322	  3	  21	  45
	 2	 1323	  3	  21	  44
	 2	 1324	  3	  21	  43
	 2	 1325	  3	  21	  42
	 2	 1326	  3	  21	  41
	 2	 1327	  3	  21	  40
	 2	 1328	  3	  20	  47
	 2	 1329	  3	  20	  46
	 2	 1330	  3	  20	  45
	 2	 1331	  3	  20	  44
	 2	 1332	  3	  20	  43
	 2	 1333	  3	  20	  42
	 2	 1334	  3	  20	  41
	 2	 1335	  3	  20	  40
	 2	 1336	  3	  20	  32
	 2	 1337	  3	  20	  33
	 2	 1338	  3	  20	  34
	 2	 1339	  3	  20	  35
	 2	 1340	  3	  20	  36
	 2	 1341	  3	  20	  37
	 2	 1342	  3	  20	  38
	 2	 1343	  3	  20	  39
	 2	 1344	  3	  23	  32
	 2	 1345	  3	  23	  33
	 2	 1346	  3	  23	  34
	 2	 1347	  3	  23	  35
	 2	 1348	  3	  23	  36
	 2	 1349	  3	  23	  37
	 2	 1350	  3	  23	  38
	 2	 1351	  3	  23	  39
	 2	 1352	  3	  23	  47
	 2	 1353	  3	  23	  46
	 2	 1354	  3	  23	  45
	 2	 1355	  3	  23	  44
	 2	 1356	  3	  23	  43
	 2	 1357	  3	  23	  42
	 2	 1358	  3	  23	  41
	 2	 1359	  3	  23	  40
	 2	 1360	  3	  22	  47
	 2	 1361	  3	  22	  46
	 2	 1362	  3	  22	  45
	 2	 1363	  3	  22	  44
	 2	 1364	  3	  22	  43
	 2	 1365	  3	  22	  42
	 2	 1366	  3	  22	  41
	 2	 1367	  3	  22	  40
	 2	 1368	  3	  22	  32
	 2	 1369	  3	  22	  33
	 2	 1370	  3	  22	  34
	 2	 1371	  3	  22	  35
	 2	 1372	  3	  22	  36
	 2	 1373	  3	  22	  37
	 2	 1374	  3	  22	  38
	 2	 1375	  3	  22	  39
	 2	 1376	  3	  25	  32
	 2	 1377	  3	  25	  33
	 2	 1378	  3	  25	  34
	 2	 1379	  3	  25	  35
	 2	 1380	  3	  25	  36
	 2	 1381	  3	  25	  37
	 2	 1382	  3	  25	  38
	 2	 1383	  3	  25	  39
	 2	 1384	  3	  25	  47
	 2	 1385	  3	  25	  46
	 2	 1386	  3	  25	  45
	 2	 1387	  3	  25	  44
	 2	 1388	  3	  25	  43
	 2	 1389	  3	  25	  42
	 2	 1390	  3	  25	  41
	 2	 1391	  3	  25	  40
	 2	 1392	  3	  24	  47
	 2	 1393	  3	  24	  46
	 2	 1394	  3	  24	  45
	 2	 1395	  3	  24	  44
	 2	 1396	  3	  24	  43
	 2	 1397	  3	  24	  42
	 2	 1398	  3	  24	  41
	 2	 1399	  3	  24	  40
	 2	 1400	  3	  24	  32
	 2	 1401	  3	  24	  33
	 2	 1402	  3	  24	  34
	 2	 1403	  3	  24	  35
	 2	 1404	  3	  24	  36
	 2	 1405	  3	  24	  37
	 2	 1406	  3	  24	  38
	 2	 1407	  3	  24	  39
	 2	 1408	  3	  0	  47
	 2	 1409	  3	  0	  46
	 2	 1410	  3	  0	  45
	 2	 1411	  3	  0	  44
	 2	 1412	  3	  0	  43
	 2	 1413	  3	  0	  42
	 2	 1414	  3	  0	  41
	 2	 1415	  3	  0	  40
	 2	 1416	  3	  0	  32
	 2	 1417	  3	  0	  33
	 2	 1418	  3	  0	  34
	 2	 1419	  3	  0	  35
	 2	 1420	  3	  0	  36
	 2	 1421	  3	  0	  37
	 2	 1422	  3	  0	  38
	 2	 1423	  3	  0	  39
	 2	 1424	  3	  1	  32
	 2	 1425	  3	  1	  33
	 2	 1426	  3	  1	  34
	 2	 1427	  3	  1	  35
	 2	 1428	  3	  1	  36
	 2	 1429	  3	  1	  37
	 2	 1430	  3	  1	  38
	 2	 1431	  3	  1	  39
	 2	 1432	  3	  1	  47
	 2	 1433	  3	  1	  46
	 2	 1434	  3	  1	  45
	 2	 1435	  3	  1	  44
	 2	 1436	  3	  1	  43
	 2	 1437	  3	  1	  42
	 2	 1438	  3	  1	  41
	 2	 1439	  3	  1	  40
	 2	 1440	  3	  0	  31
	 2	 1441	  3	  0	  30
	 2	 1442	  3	  0	  29
	 2	 1443	  3	  0	  28
	 2	 1444	  3	  0	  27
	 2	 1445	  3	  0	  26
	 2	 1446	  3	  0	  25
	 2	 1447	  3	  0	  24
	 2	 1448	  3	  0	  16
	 2	 1449	  3	  0	  17
	 2	 1450	  3	  0	  18
	 2	 1451	  3	  0	  19
	 2	 1452	  3	  0	  20
	 2	 1453	  3	  0	  21
	 2	 1454	  3	  0	  22
	 2	 1455	  3	  0	  23
	 2	 1456	  3	  1	  16
	 2	 1457	  3	  1	  17
	 2	 1458	  3	  1	  18
	 2	 1459	  3	  1	  19
	 2	 1460	  3	  1	  20
	 2	 1461	  3	  1	  21
	 2	 1462	  3	  1	  22
	 2	 1463	  3	  1	  23
	 2	 1464	  3	  1	  31
	 2	 1465	  3	  1	  30
	 2	 1466	  3	  1	  29
	 2	 1467	  3	  1	  28
	 2	 1468	  3	  1	  27
	 2	 1469	  3	  1	  26
	 2	 1470	  3	  1	  25
	 2	 1471	  3	  1	  24
	 2	 1472	  3	  2	  31
	 2	 1473	  3	  2	  30
	 2	 1474	  3	  2	  29
	 2	 1475	  3	  2	  28
	 2	 1476	  3	  2	  27
	 2	 1477	  3	  2	  26
	 2	 1478	  3	  2	  25
	 2	 1479	  3	  2	  24
	 2	 1480	  3	  2	  16
	 2	 1481	  3	  2	  17
	 2	 1482	  3	  2	  18
	 2	 1483	  3	  2	  19
	 2	 1484	  3	  2	  20
	 2	 1485	  3	  2	  21
	 2	 1486	  3	  2	  22
	 2	 1487	  3	  2	  23
	 2	 1488	  3	  3	  16
	 2	 1489	  3	  3	  17
	 2	 1490	  3	  3	  18
	 2	 1491	  3	  3	  19
	 2	 1492	  3	  3	  20
	 2	 1493	  3	  3	  21
	 2	 1494	  3	  3	  22
	 2	 1495	  3	  3	  23
	 2	 1496	  3	  3	  31
	 2	 1497	  3	  3	  30
	 2	 1498	  3	  3	  29
	 2	 1499	  3	  3	  28
	 2	 1500	  3	  3	  27
	 2	 1501	  3	  3	  26
	 2	 1502	  3	  3	  25
	 2	 1503	  3	  3	  24
	 2	 1504	  3	  4	  31
	 2	 1505	  3	  4	  30
	 2	 1506	  3	  4	  29
	 2	 1507	  3	  4	  28
	 2	 1508	  3	  4	  27
	 2	 1509	  3	  4	  26
	 2	 1510	  3	  4	  25
	 2	 1511	  3	  4	  24
	 2	 1512	  3	  4	  16
	 2	 1513	  3	  4	  17
	 2	 1514	  3	  4	  18
	 2	 1515	  3	  4	  19
	 2	 1516	  3	  4	  20
	 2	 1517	  3	  4	  21
	 2	 1518	  3	  4	  22
	 2	 1519	  3	  4	  23
	 2	 1520	  3	  5	  16
	 2	 1521	  3	  5	  17
	 2	 1522	  3	  5	  18
	 2	 1523	  3	  5	  19
	 2	 1524	  3	  5	  20
	 2	 1525	  3	  5	  21
	 2	 1526	  3	  5	  22
	 2	 1527	  3	  5	  23
	 2	 1528	  3	  5	  31
	 2	 1529	  3	  5	  30
	 2	 1530	  3	  5	  29
	 2	 1531	  3	  5	  28
	 2	 1532	  3	  5	  27
	 2	 1533	  3	  5	  26
	 2	 1534	  3	  5	  25
	 2	 1535	  3	  5	  24
	 2	 1536	  3	  6	  31
	 2	 1537	  3	  6	  30
	 2	 1538	  3	  6	  29
	 2	 1539	  3	  6	  28
	 2	 1540	  3	  6	  27
	 2	 1541	  3	  6	  26
	 2	 1542	  3	  6	  25
	 2	 1543	  3	  6	  24
	 2	 1544	  3	  6	  16
	 2	 1545	  3	  6	  17
	 2	 1546	  3	  6	  18
	 2	 1547	  3	  6	  19
	 2	 1548	  3	  6	  20
	 2	 1549	  3	  6	  21
	 2	 1550	  3	  6	  22
	 2	 1551	  3	  6	  23
	 2	 1552	  3	  7	  16
	 2	 1553	  3	  7	  17
	 2	 1554	  3	  7	  18
	 2	 1555	  3	  7	  19
	 2	 1556	  3	  7	  20
	 2	 1557	  3	  7	  21
	 2	 1558	  3	  7	  22
	 2	 1559	  3	  7	  23
	 2	 1560	  3	  7	  31
	 2	 1561	  3	  7	  30
	 2	 1562	  3	  7	  29
	 2	 1563	  3	  7	  28
	 2	 1564	  3	  7	  27
	 2	 1565	  3	  7	  26
	 2	 1566	  3	  7	  25
	 2	 1567	  3	  7	  24
	 2	 1568	  3	  8	  31
	 2	 1569	  3	  8	  30
	 2	 1570	  3	  8	  29
	 2	 1571	  3	  8	  28
	 2	 1572	  3	  8	  27
	 2	 1573	  3	  8	  26
	 2	 1574	  3	  8	  25
	 2	 1575	  3	  8	  24
	 2	 1576	  3	  8	  16
	 2	 1577	  3	  8	  17
	 2	 1578	  3	  8	  18
	 2	 1579	  3	  8	  19
	 2	 1580	  3	  8	  20
	 2	 1581	  3	  8	  21
	 2	 1582	  3	  8	  22
	 2	 1583	  3	  8	  23
	 2	 1584	  3	  9	  16
	 2	 1585	  3	  9	  17
	 2	 1586	  3	  9	  18
	 2	 1587	  3	  9	  19
	 2	 1588	  3	  9	  20
	 2	 1589	  3	  9	  21
	 2	 1590	  3	  9	  22
	 2	 1591	  3	  9	  23
	 2	 1592	  3	  9	  31
	 2	 1593	  3	  9	  30
	 2	 1594	  3	  9	  29
	 2	 1595	  3	  9	  28
	 2	 1596	  3	  9	  27
	 2	 1597	  3	  9	  26
	 2	 1598	  3	  9	  25
	 2	 1599	  3	  9	  24
	 2	 1600	  3	  10	  31
	 2	 1601	  3	  10	  30
	 2	 1602	  3	  10	  29
	 2	 1603	  3	  10	  28
	 2	 1604	  3	  10	  27
	 2	 1605	  3	  10	  26
	 2	 1606	  3	  10	  25
	 2	 1607	  3	  10	  24
	 2	 1608	  3	  10	  16
	 2	 1609	  3	  10	  17
	 2	 1610	  3	  10	  18
	 2	 1611	  3	  10	  19
	 2	 1612	  3	  10	  20
	 2	 1613	  3	  10	  21
	 2	 1614	  3	  10	  22
	 2	 1615	  3	  10	  23
	 2	 1616	  3	  11	  16
	 2	 1617	  3	  11	  17
	 2	 1618	  3	  11	  18
	 2	 1619	  3	  11	  19
	 2	 1620	  3	  11	  20
	 2	 1621	  3	  11	  21
	 2	 1622	  3	  11	  22
	 2	 1623	  3	  11	  23
	 2	 1624	  3	  11	  31
	 2	 1625	  3	  11	  30
	 2	 1626	  3	  11	  29
	 2	 1627	  3	  11	  28
	 2	 1628	  3	  11	  27
	 2	 1629	  3	  11	  26
	 2	 1630	  3	  11	  25
	 2	 1631	  3	  11	  24
	 2	 1632	  3	  12	  31
	 2	 1633	  3	  12	  30
	 2	 1634	  3	  12	  29
	 2	 1635	  3	  12	  28
	 2	 1636	  3	  12	  27
	 2	 1637	  3	  12	  26
	 2	 1638	  3	  12	  25
	 2	 1639	  3	  12	  24
	 2	 1640	  3	  12	  16
	 2	 1641	  3	  12	  17
	 2	 1642	  3	  12	  18
	 2	 1643	  3	  12	  19
	 2	 1644	  3	  12	  20
	 2	 1645	  3	  12	  21
	 2	 1646	  3	  12	  22
	 2	 1647	  3	  12	  23
	 2	 1648	  3	  13	  16
	 2	 1649	  3	  13	  17
	 2	 1650	  3	  13	  18
	 2	 1651	  3	  13	  19
	 2	 1652	  3	  13	  20
	 2	 1653	  3	  13	  21
	 2	 1654	  3	  13	  22
	 2	 1655	  3	  13	  23
	 2	 1656	  3	  13	  31
	 2	 1657	  3	  13	  30
	 2	 1658	  3	  13	  29
	 2	 1659	  3	  13	  28
	 2	 1660	  3	  13	  27
	 2	 1661	  3	  13	  26
	 2	 1662	  3	  13	  25
	 2	 1663	  3	  13	  24
	 2	 1664	  3	  14	  31
	 2	 1665	  3	  14	  30
	 2	 1666	  3	  14	  29
	 2	 1667	  3	  14	  28
	 2	 1668	  3	  14	  27
	 2	 1669	  3	  14	  26
	 2	 1670	  3	  14	  25
	 2	 1671	  3	  14	  24
	 2	 1672	  3	  14	  16
	 2	 1673	  3	  14	  17
	 2	 1674	  3	  14	  18
	 2	 1675	  3	  14	  19
	 2	 1676	  3	  14	  20
	 2	 1677	  3	  14	  21
	 2	 1678	  3	  14	  22
	 2	 1679	  3	  14	  23
	 2	 1680	  3	  15	  16
	 2	 1681	  3	  15	  17
	 2	 1682	  3	  15	  18
	 2	 1683	  3	  15	  19
	 2	 1684	  3	  15	  20
	 2	 1685	  3	  15	  21
	 2	 1686	  3	  15	  22
	 2	 1687	  3	  15	  23
	 2	 1688	  3	  15	  31
	 2	 1689	  3	  15	  30
	 2	 1690	  3	  15	  29
	 2	 1691	  3	  15	  28
	 2	 1692	  3	  15	  27
	 2	 1693	  3	  15	  26
	 2	 1694	  3	  15	  25
	 2	 1695	  3	  15	  24
	 2	 1696	  3	  16	  31
	 2	 1697	  3	  16	  30
	 2	 1698	  3	  16	  29
	 2	 1699	  3	  16	  28
	 2	 1700	  3	  16	  27
	 2	 1701	  3	  16	  26
	 2	 1702	  3	  16	  25
	 2	 1703	  3	  16	  24
	 2	 1704	  3	  16	  16
	 2	 1705	  3	  16	  17
	 2	 1706	  3	  16	  18
	 2	 1707	  3	  16	  19
	 2	 1708	  3	  16	  20
	 2	 1709	  3	  16	  21
	 2	 1710	  3	  16	  22
	 2	 1711	  3	  16	  23
	 2	 1712	  3	  17	  16
	 2	 1713	  3	  17	  17
	 2	 1714	  3	  17	  18
	 2	 1715	  3	  17	  19
	 2	 1716	  3	  17	  20
	 2	 1717	  3	  17	  21
	 2	 1718	  3	  17	  22
	 2	 1719	  3	  17	  23
	 2	 1720	  3	  17	  31
	 2	 1721	  3	  17	  30
	 2	 1722	  3	  17	  29
	 2	 1723	  3	  17	  28
	 2	 1724	  3	  17	  27
	 2	 1725	  3	  17	  26
	 2	 1726	  3	  17	  25
	 2	 1727	  3	  17	  24
	 2	 1728	  3	  18	  31
	 2	 1729	  3	  18	  30
	 2	 1730	  3	  18	  29
	 2	 1731	  3	  18	  28
	 2	 1732	  3	  18	  27
	 2	 1733	  3	  18	  26
	 2	 1734	  3	  18	  25
	 2	 1735	  3	  18	  24
	 2	 1736	  3	  18	  16
	 2	 1737	  3	  18	  17
	 2	 1738	  3	  18	  18
	 2	 1739	  3	  18	  19
	 2	 1740	  3	  18	  20
	 2	 1741	  3	  18	  21
	 2	 1742	  3	  18	  22
	 2	 1743	  3	  18	  23
	 2	 1744	  3	  19	  16
	 2	 1745	  3	  19	  17
	 2	 1746	  3	  19	  18
	 2	 1747	  3	  19	  19
	 2	 1748	  3	  19	  20
	 2	 1749	  3	  19	  21
	 2	 1750	  3	  19	  22
	 2	 1751	  3	  19	  23
	 2	 1752	  3	  19	  31
	 2	 1753	  3	  19	  30
	 2	 1754	  3	  19	  29
	 2	 1755	  3	  19	  28
	 2	 1756	  3	  19	  27
	 2	 1757	  3	  19	  26
	 2	 1758	  3	  19	  25
	 2	 1759	  3	  19	  24
	 2	 1760	  3	  20	  31
	 2	 1761	  3	  20	  30
	 2	 1762	  3	  20	  29
	 2	 1763	  3	  20	  28
	 2	 1764	  3	  20	  27
	 2	 1765	  3	  20	  26
	 2	 1766	  3	  20	  25
	 2	 1767	  3	  20	  24
	 2	 1768	  3	  20	  16
	 2	 1769	  3	  20	  17
	 2	 1770	  3	  20	  18
	 2	 1771	  3	  20	  19
	 2	 1772	  3	  20	  20
	 2	 1773	  3	  20	  21
	 2	 1774	  3	  20	  22
	 2	 1775	  3	  20	  23
	 2	 1776	  3	  21	  16
	 2	 1777	  3	  21	  17
	 2	 1778	  3	  21	  18
	 2	 1779	  3	  21	  19
	 2	 1780	  3	  21	  20
	 2	 1781	  3	  21	  21
	 2	 1782	  3	  21	  22
	 2	 1783	  3	  21	  23
	 2	 1784	  3	  21	  31
	 2	 1785	  3	  21	  30
	 2	 1786	  3	  21	  29
	 2	 1787	  3	  21	  28
	 2	 1788	  3	  21	  27
	 2	 1789	  3	  21	  26
	 2	 1790	  3	  21	  25
	 2	 1791	  3	  21	  24
	 2	 1824	  3	  22	  31
	 2	 1825	  3	  22	  30
	 2	 1826	  3	  22	  29
	 2	 1827	  3	  22	  28
	 2	 1828	  3	  22	  27
	 2	 1829	  3	  22	  26
	 2	 1830	  3	  22	  25
	 2	 1831	  3	  22	  24
	 2	 1832	  3	  22	  16
	 2	 1833	  3	  22	  17
	 2	 1834	  3	  22	  18
	 2	 1835	  3	  22	  19
	 2	 1836	  3	  22	  20
	 2	 1837	  3	  22	  21
	 2	 1838	  3	  22	  22
	 2	 1839	  3	  22	  23
	 2	 1840	  3	  23	  16
	 2	 1841	  3	  23	  17
	 2	 1842	  3	  23	  18
	 2	 1843	  3	  23	  19
	 2	 1844	  3	  23	  20
	 2	 1845	  3	  23	  21
	 2	 1846	  3	  23	  22
	 2	 1847	  3	  23	  23
	 2	 1848	  3	  23	  31
	 2	 1849	  3	  23	  30
	 2	 1850	  3	  23	  29
	 2	 1851	  3	  23	  28
	 2	 1852	  3	  23	  27
	 2	 1853	  3	  23	  26
	 2	 1854	  3	  23	  25
	 2	 1855	  3	  23	  24
	 2	 1856	  3	  24	  31
	 2	 1857	  3	  24	  30
	 2	 1858	  3	  24	  29
	 2	 1859	  3	  24	  28
	 2	 1860	  3	  24	  27
	 2	 1861	  3	  24	  26
	 2	 1862	  3	  24	  25
	 2	 1863	  3	  24	  24
	 2	 1864	  3	  24	  16
	 2	 1865	  3	  24	  17
	 2	 1866	  3	  24	  18
	 2	 1867	  3	  24	  19
	 2	 1868	  3	  24	  20
	 2	 1869	  3	  24	  21
	 2	 1870	  3	  24	  22
	 2	 1871	  3	  24	  23
	 2	 1872	  3	  25	  16
	 2	 1873	  3	  25	  17
	 2	 1874	  3	  25	  18
	 2	 1875	  3	  25	  19
	 2	 1876	  3	  25	  20
	 2	 1877	  3	  25	  21
	 2	 1878	  3	  25	  22
	 2	 1879	  3	  25	  23
	 2	 1880	  3	  25	  31
	 2	 1881	  3	  25	  30
	 2	 1882	  3	  25	  29
	 2	 1883	  3	  25	  28
	 2	 1884	  3	  25	  27
	 2	 1885	  3	  25	  26
	 2	 1886	  3	  25	  25
	 2	 1887	  3	  25	  24
	 2	 1888	  3	  27	  32
	 2	 1889	  3	  27	  33
	 2	 1890	  3	  27	  34
	 2	 1891	  3	  27	  35
	 2	 1892	  3	  27	  36
	 2	 1893	  3	  27	  37
	 2	 1894	  3	  27	  38
	 2	 1895	  3	  27	  39
	 2	 1896	  3	  27	  47
	 2	 1897	  3	  27	  46
	 2	 1898	  3	  27	  45
	 2	 1899	  3	  27	  44
	 2	 1900	  3	  27	  43
	 2	 1901	  3	  27	  42
	 2	 1902	  3	  27	  41
	 2	 1903	  3	  27	  40
	 2	 1904	  3	  26	  47
	 2	 1905	  3	  26	  46
	 2	 1906	  3	  26	  45
	 2	 1907	  3	  26	  44
	 2	 1908	  3	  26	  43
	 2	 1909	  3	  26	  42
	 2	 1910	  3	  26	  41
	 2	 1911	  3	  26	  40
	 2	 1912	  3	  26	  32
	 2	 1913	  3	  26	  33
	 2	 1914	  3	  26	  34
	 2	 1915	  3	  26	  35
	 2	 1916	  3	  26	  36
	 2	 1917	  3	  26	  37
	 2	 1918	  3	  26	  38
	 2	 1919	  3	  26	  39
	 2	 2048	  3	  19	  64
	 2	 2049	  3	  19	  65
	 2	 2050	  3	  19	  66
	 2	 2051	  3	  19	  67
	 2	 2052	  3	  19	  68
	 2	 2053	  3	  19	  69
	 2	 2054	  3	  19	  70
	 2	 2055	  3	  19	  71
	 2	 2056	  3	  19	  79
	 2	 2057	  3	  19	  78
	 2	 2058	  3	  19	  77
	 2	 2059	  3	  19	  76
	 2	 2060	  3	  19	  75
	 2	 2061	  3	  19	  74
	 2	 2062	  3	  19	  73
	 2	 2063	  3	  19	  72
	 2	 2064	  3	  18	  79
	 2	 2065	  3	  18	  78
	 2	 2066	  3	  18	  77
	 2	 2067	  3	  18	  76
	 2	 2068	  3	  18	  75
	 2	 2069	  3	  18	  74
	 2	 2070	  3	  18	  73
	 2	 2071	  3	  18	  72
	 2	 2072	  3	  18	  64
	 2	 2073	  3	  18	  65
	 2	 2074	  3	  18	  66
	 2	 2075	  3	  18	  67
	 2	 2076	  3	  18	  68
	 2	 2077	  3	  18	  69
	 2	 2078	  3	  18	  70
	 2	 2079	  3	  18	  71
	 2	 2080	  3	  21	  64
	 2	 2081	  3	  21	  65
	 2	 2082	  3	  21	  66
	 2	 2083	  3	  21	  67
	 2	 2084	  3	  21	  68
	 2	 2085	  3	  21	  69
	 2	 2086	  3	  21	  70
	 2	 2087	  3	  21	  71
	 2	 2088	  3	  21	  79
	 2	 2089	  3	  21	  78
	 2	 2090	  3	  21	  77
	 2	 2091	  3	  21	  76
	 2	 2092	  3	  21	  75
	 2	 2093	  3	  21	  74
	 2	 2094	  3	  21	  73
	 2	 2095	  3	  21	  72
	 2	 2096	  3	  20	  79
	 2	 2097	  3	  20	  78
	 2	 2098	  3	  20	  77
	 2	 2099	  3	  20	  76
	 2	 2100	  3	  20	  75
	 2	 2101	  3	  20	  74
	 2	 2102	  3	  20	  73
	 2	 2103	  3	  20	  72
	 2	 2104	  3	  20	  64
	 2	 2105	  3	  20	  65
	 2	 2106	  3	  20	  66
	 2	 2107	  3	  20	  67
	 2	 2108	  3	  20	  68
	 2	 2109	  3	  20	  69
	 2	 2110	  3	  20	  70
	 2	 2111	  3	  20	  71
	 2	 2112	  3	  23	  64
	 2	 2113	  3	  23	  65
	 2	 2114	  3	  23	  66
	 2	 2115	  3	  23	  67
	 2	 2116	  3	  23	  68
	 2	 2117	  3	  23	  69
	 2	 2118	  3	  23	  70
	 2	 2119	  3	  23	  71
	 2	 2120	  3	  23	  79
	 2	 2121	  3	  23	  78
	 2	 2122	  3	  23	  77
	 2	 2123	  3	  23	  76
	 2	 2124	  3	  23	  75
	 2	 2125	  3	  23	  74
	 2	 2126	  3	  23	  73
	 2	 2127	  3	  23	  72
	 2	 2128	  3	  22	  79
	 2	 2129	  3	  22	  78
	 2	 2130	  3	  22	  77
	 2	 2131	  3	  22	  76
	 2	 2132	  3	  22	  75
	 2	 2133	  3	  22	  74
	 2	 2134	  3	  22	  73
	 2	 2135	  3	  22	  72
	 2	 2136	  3	  22	  64
	 2	 2137	  3	  22	  65
	 2	 2138	  3	  22	  66
	 2	 2139	  3	  22	  67
	 2	 2140	  3	  22	  68
	 2	 2141	  3	  22	  69
	 2	 2142	  3	  22	  70
	 2	 2143	  3	  22	  71
	 2	 2144	  3	  25	  64
	 2	 2145	  3	  25	  65
	 2	 2146	  3	  25	  66
	 2	 2147	  3	  25	  67
	 2	 2148	  3	  25	  68
	 2	 2149	  3	  25	  69
	 2	 2150	  3	  25	  70
	 2	 2151	  3	  25	  71
	 2	 2152	  3	  25	  79
	 2	 2153	  3	  25	  78
	 2	 2154	  3	  25	  77
	 2	 2155	  3	  25	  76
	 2	 2156	  3	  25	  75
	 2	 2157	  3	  25	  74
	 2	 2158	  3	  25	  73
	 2	 2159	  3	  25	  72
	 2	 2160	  3	  24	  79
	 2	 2161	  3	  24	  78
	 2	 2162	  3	  24	  77
	 2	 2163	  3	  24	  76
	 2	 2164	  3	  24	  75
	 2	 2165	  3	  24	  74
	 2	 2166	  3	  24	  73
	 2	 2167	  3	  24	  72
	 2	 2168	  3	  24	  64
	 2	 2169	  3	  24	  65
	 2	 2170	  3	  24	  66
	 2	 2171	  3	  24	  67
	 2	 2172	  3	  24	  68
	 2	 2173	  3	  24	  69
	 2	 2174	  3	  24	  70
	 2	 2175	  3	  24	  71
	 2	 2176	  3	  11	  64
	 2	 2177	  3	  11	  65
	 2	 2178	  3	  11	  66
	 2	 2179	  3	  11	  67
	 2	 2180	  3	  11	  68
	 2	 2181	  3	  11	  69
	 2	 2182	  3	  11	  70
	 2	 2183	  3	  11	  71
	 2	 2184	  3	  11	  79
	 2	 2185	  3	  11	  78
	 2	 2186	  3	  11	  77
	 2	 2187	  3	  11	  76
	 2	 2188	  3	  11	  75
	 2	 2189	  3	  11	  74
	 2	 2190	  3	  11	  73
	 2	 2191	  3	  11	  72
	 2	 2192	  3	  10	  79
	 2	 2193	  3	  10	  78
	 2	 2194	  3	  10	  77
	 2	 2195	  3	  10	  76
	 2	 2196	  3	  10	  75
	 2	 2197	  3	  10	  74
	 2	 2198	  3	  10	  73
	 2	 2199	  3	  10	  72
	 2	 2200	  3	  10	  64
	 2	 2201	  3	  10	  65
	 2	 2202	  3	  10	  66
	 2	 2203	  3	  10	  67
	 2	 2204	  3	  10	  68
	 2	 2205	  3	  10	  69
	 2	 2206	  3	  10	  70
	 2	 2207	  3	  10	  71
	 2	 2208	  3	  13	  64
	 2	 2209	  3	  13	  65
	 2	 2210	  3	  13	  66
	 2	 2211	  3	  13	  67
	 2	 2212	  3	  13	  68
	 2	 2213	  3	  13	  69
	 2	 2214	  3	  13	  70
	 2	 2215	  3	  13	  71
	 2	 2216	  3	  13	  79
	 2	 2217	  3	  13	  78
	 2	 2218	  3	  13	  77
	 2	 2219	  3	  13	  76
	 2	 2220	  3	  13	  75
	 2	 2221	  3	  13	  74
	 2	 2222	  3	  13	  73
	 2	 2223	  3	  13	  72
	 2	 2224	  3	  12	  79
	 2	 2225	  3	  12	  78
	 2	 2226	  3	  12	  77
	 2	 2227	  3	  12	  76
	 2	 2228	  3	  12	  75
	 2	 2229	  3	  12	  74
	 2	 2230	  3	  12	  73
	 2	 2231	  3	  12	  72
	 2	 2232	  3	  12	  64
	 2	 2233	  3	  12	  65
	 2	 2234	  3	  12	  66
	 2	 2235	  3	  12	  67
	 2	 2236	  3	  12	  68
	 2	 2237	  3	  12	  69
	 2	 2238	  3	  12	  70
	 2	 2239	  3	  12	  71
	 2	 2240	  3	  15	  64
	 2	 2241	  3	  15	  65
	 2	 2242	  3	  15	  66
	 2	 2243	  3	  15	  67
	 2	 2244	  3	  15	  68
	 2	 2245	  3	  15	  69
	 2	 2246	  3	  15	  70
	 2	 2247	  3	  15	  71
	 2	 2248	  3	  15	  79
	 2	 2249	  3	  15	  78
	 2	 2250	  3	  15	  77
	 2	 2251	  3	  15	  76
	 2	 2252	  3	  15	  75
	 2	 2253	  3	  15	  74
	 2	 2254	  3	  15	  73
	 2	 2255	  3	  15	  72
	 2	 2256	  3	  14	  79
	 2	 2257	  3	  14	  78
	 2	 2258	  3	  14	  77
	 2	 2259	  3	  14	  76
	 2	 2260	  3	  14	  75
	 2	 2261	  3	  14	  74
	 2	 2262	  3	  14	  73
	 2	 2263	  3	  14	  72
	 2	 2264	  3	  14	  64
	 2	 2265	  3	  14	  65
	 2	 2266	  3	  14	  66
	 2	 2267	  3	  14	  67
	 2	 2268	  3	  14	  68
	 2	 2269	  3	  14	  69
	 2	 2270	  3	  14	  70
	 2	 2271	  3	  14	  71
	 2	 2272	  3	  17	  64
	 2	 2273	  3	  17	  65
	 2	 2274	  3	  17	  66
	 2	 2275	  3	  17	  67
	 2	 2276	  3	  17	  68
	 2	 2277	  3	  17	  69
	 2	 2278	  3	  17	  70
	 2	 2279	  3	  17	  71
	 2	 2280	  3	  17	  79
	 2	 2281	  3	  17	  78
	 2	 2282	  3	  17	  77
	 2	 2283	  3	  17	  76
	 2	 2284	  3	  17	  75
	 2	 2285	  3	  17	  74
	 2	 2286	  3	  17	  73
	 2	 2287	  3	  17	  72
	 2	 2288	  3	  16	  79
	 2	 2289	  3	  16	  78
	 2	 2290	  3	  16	  77
	 2	 2291	  3	  16	  76
	 2	 2292	  3	  16	  75
	 2	 2293	  3	  16	  74
	 2	 2294	  3	  16	  73
	 2	 2295	  3	  16	  72
	 2	 2296	  3	  16	  64
	 2	 2297	  3	  16	  65
	 2	 2298	  3	  16	  66
	 2	 2299	  3	  16	  67
	 2	 2300	  3	  16	  68
	 2	 2301	  3	  16	  69
	 2	 2302	  3	  16	  70
	 2	 2303	  3	  16	  71
	 2	 2304	  3	  3	  64
	 2	 2305	  3	  3	  65
	 2	 2306	  3	  3	  66
	 2	 2307	  3	  3	  67
	 2	 2308	  3	  3	  68
	 2	 2309	  3	  3	  69
	 2	 2310	  3	  3	  70
	 2	 2311	  3	  3	  71
	 2	 2312	  3	  3	  79
	 2	 2313	  3	  3	  78
	 2	 2314	  3	  3	  77
	 2	 2315	  3	  3	  76
	 2	 2316	  3	  3	  75
	 2	 2317	  3	  3	  74
	 2	 2318	  3	  3	  73
	 2	 2319	  3	  3	  72
	 2	 2320	  3	  2	  79
	 2	 2321	  3	  2	  78
	 2	 2322	  3	  2	  77
	 2	 2323	  3	  2	  76
	 2	 2324	  3	  2	  75
	 2	 2325	  3	  2	  74
	 2	 2326	  3	  2	  73
	 2	 2327	  3	  2	  72
	 2	 2328	  3	  2	  64
	 2	 2329	  3	  2	  65
	 2	 2330	  3	  2	  66
	 2	 2331	  3	  2	  67
	 2	 2332	  3	  2	  68
	 2	 2333	  3	  2	  69
	 2	 2334	  3	  2	  70
	 2	 2335	  3	  2	  71
	 2	 2336	  3	  5	  64
	 2	 2337	  3	  5	  65
	 2	 2338	  3	  5	  66
	 2	 2339	  3	  5	  67
	 2	 2340	  3	  5	  68
	 2	 2341	  3	  5	  69
	 2	 2342	  3	  5	  70
	 2	 2343	  3	  5	  71
	 2	 2344	  3	  5	  79
	 2	 2345	  3	  5	  78
	 2	 2346	  3	  5	  77
	 2	 2347	  3	  5	  76
	 2	 2348	  3	  5	  75
	 2	 2349	  3	  5	  74
	 2	 2350	  3	  5	  73
	 2	 2351	  3	  5	  72
	 2	 2352	  3	  4	  79
	 2	 2353	  3	  4	  78
	 2	 2354	  3	  4	  77
	 2	 2355	  3	  4	  76
	 2	 2356	  3	  4	  75
	 2	 2357	  3	  4	  74
	 2	 2358	  3	  4	  73
	 2	 2359	  3	  4	  72
	 2	 2360	  3	  4	  64
	 2	 2361	  3	  4	  65
	 2	 2362	  3	  4	  66
	 2	 2363	  3	  4	  67
	 2	 2364	  3	  4	  68
	 2	 2365	  3	  4	  69
	 2	 2366	  3	  4	  70
	 2	 2367	  3	  4	  71
	 2	 2368	  3	  7	  64
	 2	 2369	  3	  7	  65
	 2	 2370	  3	  7	  66
	 2	 2371	  3	  7	  67
	 2	 2372	  3	  7	  68
	 2	 2373	  3	  7	  69
	 2	 2374	  3	  7	  70
	 2	 2375	  3	  7	  71
	 2	 2376	  3	  7	  79
	 2	 2377	  3	  7	  78
	 2	 2378	  3	  7	  77
	 2	 2379	  3	  7	  76
	 2	 2380	  3	  7	  75
	 2	 2381	  3	  7	  74
	 2	 2382	  3	  7	  73
	 2	 2383	  3	  7	  72
	 2	 2384	  3	  6	  79
	 2	 2385	  3	  6	  78
	 2	 2386	  3	  6	  77
	 2	 2387	  3	  6	  76
	 2	 2388	  3	  6	  75
	 2	 2389	  3	  6	  74
	 2	 2390	  3	  6	  73
	 2	 2391	  3	  6	  72
	 2	 2392	  3	  6	  64
	 2	 2393	  3	  6	  65
	 2	 2394	  3	  6	  66
	 2	 2395	  3	  6	  67
	 2	 2396	  3	  6	  68
	 2	 2397	  3	  6	  69
	 2	 2398	  3	  6	  70
	 2	 2399	  3	  6	  71
	 2	 2400	  3	  9	  64
	 2	 2401	  3	  9	  65
	 2	 2402	  3	  9	  66
	 2	 2403	  3	  9	  67
	 2	 2404	  3	  9	  68
	 2	 2405	  3	  9	  69
	 2	 2406	  3	  9	  70
	 2	 2407	  3	  9	  71
	 2	 2408	  3	  9	  79
	 2	 2409	  3	  9	  78
	 2	 2410	  3	  9	  77
	 2	 2411	  3	  9	  76
	 2	 2412	  3	  9	  75
	 2	 2413	  3	  9	  74
	 2	 2414	  3	  9	  73
	 2	 2415	  3	  9	  72
	 2	 2416	  3	  8	  79
	 2	 2417	  3	  8	  78
	 2	 2418	  3	  8	  77
	 2	 2419	  3	  8	  76
	 2	 2420	  3	  8	  75
	 2	 2421	  3	  8	  74
	 2	 2422	  3	  8	  73
	 2	 2423	  3	  8	  72
	 2	 2424	  3	  8	  64
	 2	 2425	  3	  8	  65
	 2	 2426	  3	  8	  66
	 2	 2427	  3	  8	  67
	 2	 2428	  3	  8	  68
	 2	 2429	  3	  8	  69
	 2	 2430	  3	  8	  70
	 2	 2431	  3	  8	  71
	 2	 2432	  3	  27	  96
	 2	 2433	  3	  27	  97
	 2	 2434	  3	  27	  98
	 2	 2435	  3	  27	  99
	 2	 2436	  3	  27	  100
	 2	 2437	  3	  27	  101
	 2	 2438	  3	  27	  102
	 2	 2439	  3	  27	  103
	 2	 2440	  3	  27	  111
	 2	 2441	  3	  27	  110
	 2	 2442	  3	  27	  109
	 2	 2443	  3	  27	  108
	 2	 2444	  3	  27	  107
	 2	 2445	  3	  27	  106
	 2	 2446	  3	  27	  105
	 2	 2447	  3	  27	  104
	 2	 2448	  3	  26	  111
	 2	 2449	  3	  26	  110
	 2	 2450	  3	  26	  109
	 2	 2451	  3	  26	  108
	 2	 2452	  3	  26	  107
	 2	 2453	  3	  26	  106
	 2	 2454	  3	  26	  105
	 2	 2455	  3	  26	  104
	 2	 2456	  3	  26	  96
	 2	 2457	  3	  26	  97
	 2	 2458	  3	  26	  98
	 2	 2459	  3	  26	  99
	 2	 2460	  3	  26	  100
	 2	 2461	  3	  26	  101
	 2	 2462	  3	  26	  102
	 2	 2463	  3	  26	  103
	 2	 2464	  3	  22	  95
	 2	 2465	  3	  22	  94
	 2	 2466	  3	  22	  93
	 2	 2467	  3	  22	  92
	 2	 2468	  3	  22	  91
	 2	 2469	  3	  22	  90
	 2	 2470	  3	  22	  89
	 2	 2471	  3	  22	  88
	 2	 2472	  3	  22	  80
	 2	 2473	  3	  22	  81
	 2	 2474	  3	  22	  82
	 2	 2475	  3	  22	  83
	 2	 2476	  3	  22	  84
	 2	 2477	  3	  22	  85
	 2	 2478	  3	  22	  86
	 2	 2479	  3	  22	  87
	 2	 2480	  3	  23	  80
	 2	 2481	  3	  23	  81
	 2	 2482	  3	  23	  82
	 2	 2483	  3	  23	  83
	 2	 2484	  3	  23	  84
	 2	 2485	  3	  23	  85
	 2	 2486	  3	  23	  86
	 2	 2487	  3	  23	  87
	 2	 2488	  3	  23	  95
	 2	 2489	  3	  23	  94
	 2	 2490	  3	  23	  93
	 2	 2491	  3	  23	  92
	 2	 2492	  3	  23	  91
	 2	 2493	  3	  23	  90
	 2	 2494	  3	  23	  89
	 2	 2495	  3	  23	  88
	 2	 2496	  3	  24	  95
	 2	 2497	  3	  24	  94
	 2	 2498	  3	  24	  93
	 2	 2499	  3	  24	  92
	 2	 2500	  3	  24	  91
	 2	 2501	  3	  24	  90
	 2	 2502	  3	  24	  89
	 2	 2503	  3	  24	  88
	 2	 2504	  3	  24	  80
	 2	 2505	  3	  24	  81
	 2	 2506	  3	  24	  82
	 2	 2507	  3	  24	  83
	 2	 2508	  3	  24	  84
	 2	 2509	  3	  24	  85
	 2	 2510	  3	  24	  86
	 2	 2511	  3	  24	  87
	 2	 2512	  3	  25	  80
	 2	 2513	  3	  25	  81
	 2	 2514	  3	  25	  82
	 2	 2515	  3	  25	  83
	 2	 2516	  3	  25	  84
	 2	 2517	  3	  25	  85
	 2	 2518	  3	  25	  86
	 2	 2519	  3	  25	  87
	 2	 2520	  3	  25	  95
	 2	 2521	  3	  25	  94
	 2	 2522	  3	  25	  93
	 2	 2523	  3	  25	  92
	 2	 2524	  3	  25	  91
	 2	 2525	  3	  25	  90
	 2	 2526	  3	  25	  89
	 2	 2527	  3	  25	  88
	 2	 2528	  3	  26	  95
	 2	 2529	  3	  26	  94
	 2	 2530	  3	  26	  93
	 2	 2531	  3	  26	  92
	 2	 2532	  3	  26	  91
	 2	 2533	  3	  26	  90
	 2	 2534	  3	  26	  89
	 2	 2535	  3	  26	  88
	 2	 2536	  3	  26	  80
	 2	 2537	  3	  26	  81
	 2	 2538	  3	  26	  82
	 2	 2539	  3	  26	  83
	 2	 2540	  3	  26	  84
	 2	 2541	  3	  26	  85
	 2	 2542	  3	  26	  86
	 2	 2543	  3	  26	  87
	 2	 2544	  3	  27	  80
	 2	 2545	  3	  27	  81
	 2	 2546	  3	  27	  82
	 2	 2547	  3	  27	  83
	 2	 2548	  3	  27	  84
	 2	 2549	  3	  27	  85
	 2	 2550	  3	  27	  86
	 2	 2551	  3	  27	  87
	 2	 2552	  3	  27	  95
	 2	 2553	  3	  27	  94
	 2	 2554	  3	  27	  93
	 2	 2555	  3	  27	  92
	 2	 2556	  3	  27	  91
	 2	 2557	  3	  27	  90
	 2	 2558	  3	  27	  89
	 2	 2559	  3	  27	  88
	 2	 2560	  3	  14	  95
	 2	 2561	  3	  14	  94
	 2	 2562	  3	  14	  93
	 2	 2563	  3	  14	  92
	 2	 2564	  3	  14	  91
	 2	 2565	  3	  14	  90
	 2	 2566	  3	  14	  89
	 2	 2567	  3	  14	  88
	 2	 2568	  3	  14	  80
	 2	 2569	  3	  14	  81
	 2	 2570	  3	  14	  82
	 2	 2571	  3	  14	  83
	 2	 2572	  3	  14	  84
	 2	 2573	  3	  14	  85
	 2	 2574	  3	  14	  86
	 2	 2575	  3	  14	  87
	 2	 2576	  3	  15	  80
	 2	 2577	  3	  15	  81
	 2	 2578	  3	  15	  82
	 2	 2579	  3	  15	  83
	 2	 2580	  3	  15	  84
	 2	 2581	  3	  15	  85
	 2	 2582	  3	  15	  86
	 2	 2583	  3	  15	  87
	 2	 2584	  3	  15	  95
	 2	 2585	  3	  15	  94
	 2	 2586	  3	  15	  93
	 2	 2587	  3	  15	  92
	 2	 2588	  3	  15	  91
	 2	 2589	  3	  15	  90
	 2	 2590	  3	  15	  89
	 2	 2591	  3	  15	  88
	 2	 2592	  3	  16	  95
	 2	 2593	  3	  16	  94
	 2	 2594	  3	  16	  93
	 2	 2595	  3	  16	  92
	 2	 2596	  3	  16	  91
	 2	 2597	  3	  16	  90
	 2	 2598	  3	  16	  89
	 2	 2599	  3	  16	  88
	 2	 2600	  3	  16	  80
	 2	 2601	  3	  16	  81
	 2	 2602	  3	  16	  82
	 2	 2603	  3	  16	  83
	 2	 2604	  3	  16	  84
	 2	 2605	  3	  16	  85
	 2	 2606	  3	  16	  86
	 2	 2607	  3	  16	  87
	 2	 2608	  3	  17	  80
	 2	 2609	  3	  17	  81
	 2	 2610	  3	  17	  82
	 2	 2611	  3	  17	  83
	 2	 2612	  3	  17	  84
	 2	 2613	  3	  17	  85
	 2	 2614	  3	  17	  86
	 2	 2615	  3	  17	  87
	 2	 2616	  3	  17	  95
	 2	 2617	  3	  17	  94
	 2	 2618	  3	  17	  93
	 2	 2619	  3	  17	  92
	 2	 2620	  3	  17	  91
	 2	 2621	  3	  17	  90
	 2	 2622	  3	  17	  89
	 2	 2623	  3	  17	  88
	 2	 2624	  3	  18	  95
	 2	 2625	  3	  18	  94
	 2	 2626	  3	  18	  93
	 2	 2627	  3	  18	  92
	 2	 2628	  3	  18	  91
	 2	 2629	  3	  18	  90
	 2	 2630	  3	  18	  89
	 2	 2631	  3	  18	  88
	 2	 2632	  3	  18	  80
	 2	 2633	  3	  18	  81
	 2	 2634	  3	  18	  82
	 2	 2635	  3	  18	  83
	 2	 2636	  3	  18	  84
	 2	 2637	  3	  18	  85
	 2	 2638	  3	  18	  86
	 2	 2639	  3	  18	  87
	 2	 2640	  3	  19	  80
	 2	 2641	  3	  19	  81
	 2	 2642	  3	  19	  82
	 2	 2643	  3	  19	  83
	 2	 2644	  3	  19	  84
	 2	 2645	  3	  19	  85
	 2	 2646	  3	  19	  86
	 2	 2647	  3	  19	  87
	 2	 2648	  3	  19	  95
	 2	 2649	  3	  19	  94
	 2	 2650	  3	  19	  93
	 2	 2651	  3	  19	  92
	 2	 2652	  3	  19	  91
	 2	 2653	  3	  19	  90
	 2	 2654	  3	  19	  89
	 2	 2655	  3	  19	  88
	 2	 2656	  3	  20	  95
	 2	 2657	  3	  20	  94
	 2	 2658	  3	  20	  93
	 2	 2659	  3	  20	  92
	 2	 2660	  3	  20	  91
	 2	 2661	  3	  20	  90
	 2	 2662	  3	  20	  89
	 2	 2663	  3	  20	  88
	 2	 2664	  3	  20	  80
	 2	 2665	  3	  20	  81
	 2	 2666	  3	  20	  82
	 2	 2667	  3	  20	  83
	 2	 2668	  3	  20	  84
	 2	 2669	  3	  20	  85
	 2	 2670	  3	  20	  86
	 2	 2671	  3	  20	  87
	 2	 2672	  3	  21	  80
	 2	 2673	  3	  21	  81
	 2	 2674	  3	  21	  82
	 2	 2675	  3	  21	  83
	 2	 2676	  3	  21	  84
	 2	 2677	  3	  21	  85
	 2	 2678	  3	  21	  86
	 2	 2679	  3	  21	  87
	 2	 2680	  3	  21	  95
	 2	 2681	  3	  21	  94
	 2	 2682	  3	  21	  93
	 2	 2683	  3	  21	  92
	 2	 2684	  3	  21	  91
	 2	 2685	  3	  21	  90
	 2	 2686	  3	  21	  89
	 2	 2687	  3	  21	  88
	 2	 3072	  3	  6	  95
	 2	 3073	  3	  6	  94
	 2	 3074	  3	  6	  93
	 2	 3075	  3	  6	  92
	 2	 3076	  3	  6	  91
	 2	 3077	  3	  6	  90
	 2	 3078	  3	  6	  89
	 2	 3079	  3	  6	  88
	 2	 3080	  3	  6	  80
	 2	 3081	  3	  6	  81
	 2	 3082	  3	  6	  82
	 2	 3083	  3	  6	  83
	 2	 3084	  3	  6	  84
	 2	 3085	  3	  6	  85
	 2	 3086	  3	  6	  86
	 2	 3087	  3	  6	  87
	 2	 3088	  3	  7	  80
	 2	 3089	  3	  7	  81
	 2	 3090	  3	  7	  82
	 2	 3091	  3	  7	  83
	 2	 3092	  3	  7	  84
	 2	 3093	  3	  7	  85
	 2	 3094	  3	  7	  86
	 2	 3095	  3	  7	  87
	 2	 3096	  3	  7	  95
	 2	 3097	  3	  7	  94
	 2	 3098	  3	  7	  93
	 2	 3099	  3	  7	  92
	 2	 3100	  3	  7	  91
	 2	 3101	  3	  7	  90
	 2	 3102	  3	  7	  89
	 2	 3103	  3	  7	  88
	 2	 3104	  3	  8	  95
	 2	 3105	  3	  8	  94
	 2	 3106	  3	  8	  93
	 2	 3107	  3	  8	  92
	 2	 3108	  3	  8	  91
	 2	 3109	  3	  8	  90
	 2	 3110	  3	  8	  89
	 2	 3111	  3	  8	  88
	 2	 3112	  3	  8	  80
	 2	 3113	  3	  8	  81
	 2	 3114	  3	  8	  82
	 2	 3115	  3	  8	  83
	 2	 3116	  3	  8	  84
	 2	 3117	  3	  8	  85
	 2	 3118	  3	  8	  86
	 2	 3119	  3	  8	  87
	 2	 3120	  3	  9	  80
	 2	 3121	  3	  9	  81
	 2	 3122	  3	  9	  82
	 2	 3123	  3	  9	  83
	 2	 3124	  3	  9	  84
	 2	 3125	  3	  9	  85
	 2	 3126	  3	  9	  86
	 2	 3127	  3	  9	  87
	 2	 3128	  3	  9	  95
	 2	 3129	  3	  9	  94
	 2	 3130	  3	  9	  93
	 2	 3131	  3	  9	  92
	 2	 3132	  3	  9	  91
	 2	 3133	  3	  9	  90
	 2	 3134	  3	  9	  89
	 2	 3135	  3	  9	  88
	 2	 3136	  3	  10	  95
	 2	 3137	  3	  10	  94
	 2	 3138	  3	  10	  93
	 2	 3139	  3	  10	  92
	 2	 3140	  3	  10	  91
	 2	 3141	  3	  10	  90
	 2	 3142	  3	  10	  89
	 2	 3143	  3	  10	  88
	 2	 3144	  3	  10	  80
	 2	 3145	  3	  10	  81
	 2	 3146	  3	  10	  82
	 2	 3147	  3	  10	  83
	 2	 3148	  3	  10	  84
	 2	 3149	  3	  10	  85
	 2	 3150	  3	  10	  86
	 2	 3151	  3	  10	  87
	 2	 3152	  3	  11	  80
	 2	 3153	  3	  11	  81
	 2	 3154	  3	  11	  82
	 2	 3155	  3	  11	  83
	 2	 3156	  3	  11	  84
	 2	 3157	  3	  11	  85
	 2	 3158	  3	  11	  86
	 2	 3159	  3	  11	  87
	 2	 3160	  3	  11	  95
	 2	 3161	  3	  11	  94
	 2	 3162	  3	  11	  93
	 2	 3163	  3	  11	  92
	 2	 3164	  3	  11	  91
	 2	 3165	  3	  11	  90
	 2	 3166	  3	  11	  89
	 2	 3167	  3	  11	  88
	 2	 3168	  3	  12	  95
	 2	 3169	  3	  12	  94
	 2	 3170	  3	  12	  93
	 2	 3171	  3	  12	  92
	 2	 3172	  3	  12	  91
	 2	 3173	  3	  12	  90
	 2	 3174	  3	  12	  89
	 2	 3175	  3	  12	  88
	 2	 3176	  3	  12	  80
	 2	 3177	  3	  12	  81
	 2	 3178	  3	  12	  82
	 2	 3179	  3	  12	  83
	 2	 3180	  3	  12	  84
	 2	 3181	  3	  12	  85
	 2	 3182	  3	  12	  86
	 2	 3183	  3	  12	  87
	 2	 3184	  3	  13	  80
	 2	 3185	  3	  13	  81
	 2	 3186	  3	  13	  82
	 2	 3187	  3	  13	  83
	 2	 3188	  3	  13	  84
	 2	 3189	  3	  13	  85
	 2	 3190	  3	  13	  86
	 2	 3191	  3	  13	  87
	 2	 3192	  3	  13	  95
	 2	 3193	  3	  13	  94
	 2	 3194	  3	  13	  93
	 2	 3195	  3	  13	  92
	 2	 3196	  3	  13	  91
	 2	 3197	  3	  13	  90
	 2	 3198	  3	  13	  89
	 2	 3199	  3	  13	  88
	 2	 3200	  3	  0	  79
	 2	 3201	  3	  0	  78
	 2	 3202	  3	  0	  77
	 2	 3203	  3	  0	  76
	 2	 3204	  3	  0	  75
	 2	 3205	  3	  0	  74
	 2	 3206	  3	  0	  73
	 2	 3207	  3	  0	  72
	 2	 3208	  3	  0	  64
	 2	 3209	  3	  0	  65
	 2	 3210	  3	  0	  66
	 2	 3211	  3	  0	  67
	 2	 3212	  3	  0	  68
	 2	 3213	  3	  0	  69
	 2	 3214	  3	  0	  70
	 2	 3215	  3	  0	  71
	 2	 3216	  3	  1	  64
	 2	 3217	  3	  1	  65
	 2	 3218	  3	  1	  66
	 2	 3219	  3	  1	  67
	 2	 3220	  3	  1	  68
	 2	 3221	  3	  1	  69
	 2	 3222	  3	  1	  70
	 2	 3223	  3	  1	  71
	 2	 3224	  3	  1	  79
	 2	 3225	  3	  1	  78
	 2	 3226	  3	  1	  77
	 2	 3227	  3	  1	  76
	 2	 3228	  3	  1	  75
	 2	 3229	  3	  1	  74
	 2	 3230	  3	  1	  73
	 2	 3231	  3	  1	  72
	 2	 3232	  3	  0	  95
	 2	 3233	  3	  0	  94
	 2	 3234	  3	  0	  93
	 2	 3235	  3	  0	  92
	 2	 3236	  3	  0	  91
	 2	 3237	  3	  0	  90
	 2	 3238	  3	  0	  89
	 2	 3239	  3	  0	  88
	 2	 3240	  3	  0	  80
	 2	 3241	  3	  0	  81
	 2	 3242	  3	  0	  82
	 2	 3243	  3	  0	  83
	 2	 3244	  3	  0	  84
	 2	 3245	  3	  0	  85
	 2	 3246	  3	  0	  86
	 2	 3247	  3	  0	  87
	 2	 3248	  3	  1	  80
	 2	 3249	  3	  1	  81
	 2	 3250	  3	  1	  82
	 2	 3251	  3	  1	  83
	 2	 3252	  3	  1	  84
	 2	 3253	  3	  1	  85
	 2	 3254	  3	  1	  86
	 2	 3255	  3	  1	  87
	 2	 3256	  3	  1	  95
	 2	 3257	  3	  1	  94
	 2	 3258	  3	  1	  93
	 2	 3259	  3	  1	  92
	 2	 3260	  3	  1	  91
	 2	 3261	  3	  1	  90
	 2	 3262	  3	  1	  89
	 2	 3263	  3	  1	  88
	 2	 3264	  3	  2	  95
	 2	 3265	  3	  2	  94
	 2	 3266	  3	  2	  93
	 2	 3267	  3	  2	  92
	 2	 3268	  3	  2	  91
	 2	 3269	  3	  2	  90
	 2	 3270	  3	  2	  89
	 2	 3271	  3	  2	  88
	 2	 3272	  3	  2	  80
	 2	 3273	  3	  2	  81
	 2	 3274	  3	  2	  82
	 2	 3275	  3	  2	  83
	 2	 3276	  3	  2	  84
	 2	 3277	  3	  2	  85
	 2	 3278	  3	  2	  86
	 2	 3279	  3	  2	  87
	 2	 3280	  3	  3	  80
	 2	 3281	  3	  3	  81
	 2	 3282	  3	  3	  82
	 2	 3283	  3	  3	  83
	 2	 3284	  3	  3	  84
	 2	 3285	  3	  3	  85
	 2	 3286	  3	  3	  86
	 2	 3287	  3	  3	  87
	 2	 3288	  3	  3	  95
	 2	 3289	  3	  3	  94
	 2	 3290	  3	  3	  93
	 2	 3291	  3	  3	  92
	 2	 3292	  3	  3	  91
	 2	 3293	  3	  3	  90
	 2	 3294	  3	  3	  89
	 2	 3295	  3	  3	  88
	 2	 3296	  3	  4	  95
	 2	 3297	  3	  4	  94
	 2	 3298	  3	  4	  93
	 2	 3299	  3	  4	  92
	 2	 3300	  3	  4	  91
	 2	 3301	  3	  4	  90
	 2	 3302	  3	  4	  89
	 2	 3303	  3	  4	  88
	 2	 3304	  3	  4	  80
	 2	 3305	  3	  4	  81
	 2	 3306	  3	  4	  82
	 2	 3307	  3	  4	  83
	 2	 3308	  3	  4	  84
	 2	 3309	  3	  4	  85
	 2	 3310	  3	  4	  86
	 2	 3311	  3	  4	  87
	 2	 3312	  3	  5	  80
	 2	 3313	  3	  5	  81
	 2	 3314	  3	  5	  82
	 2	 3315	  3	  5	  83
	 2	 3316	  3	  5	  84
	 2	 3317	  3	  5	  85
	 2	 3318	  3	  5	  86
	 2	 3319	  3	  5	  87
	 2	 3320	  3	  5	  95
	 2	 3321	  3	  5	  94
	 2	 3322	  3	  5	  93
	 2	 3323	  3	  5	  92
	 2	 3324	  3	  5	  91
	 2	 3325	  3	  5	  90
	 2	 3326	  3	  5	  89
	 2	 3327	  3	  5	  88
	 2	 3328	  3	  17	  96
	 2	 3329	  3	  17	  97
	 2	 3330	  3	  17	  98
	 2	 3331	  3	  17	  99
	 2	 3332	  3	  17	  100
	 2	 3333	  3	  17	  101
	 2	 3334	  3	  17	  102
	 2	 3335	  3	  17	  103
	 2	 3336	  3	  17	  111
	 2	 3337	  3	  17	  110
	 2	 3338	  3	  17	  109
	 2	 3339	  3	  17	  108
	 2	 3340	  3	  17	  107
	 2	 3341	  3	  17	  106
	 2	 3342	  3	  17	  105
	 2	 3343	  3	  17	  104
	 2	 3344	  3	  16	  111
	 2	 3345	  3	  16	  110
	 2	 3346	  3	  16	  109
	 2	 3347	  3	  16	  108
	 2	 3348	  3	  16	  107
	 2	 3349	  3	  16	  106
	 2	 3350	  3	  16	  105
	 2	 3351	  3	  16	  104
	 2	 3352	  3	  16	  96
	 2	 3353	  3	  16	  97
	 2	 3354	  3	  16	  98
	 2	 3355	  3	  16	  99
	 2	 3356	  3	  16	  100
	 2	 3357	  3	  16	  101
	 2	 3358	  3	  16	  102
	 2	 3359	  3	  16	  103
	 2	 3360	  3	  19	  96
	 2	 3361	  3	  19	  97
	 2	 3362	  3	  19	  98
	 2	 3363	  3	  19	  99
	 2	 3364	  3	  19	  100
	 2	 3365	  3	  19	  101
	 2	 3366	  3	  19	  102
	 2	 3367	  3	  19	  103
	 2	 3368	  3	  19	  111
	 2	 3369	  3	  19	  110
	 2	 3370	  3	  19	  109
	 2	 3371	  3	  19	  108
	 2	 3372	  3	  19	  107
	 2	 3373	  3	  19	  106
	 2	 3374	  3	  19	  105
	 2	 3375	  3	  19	  104
	 2	 3376	  3	  18	  111
	 2	 3377	  3	  18	  110
	 2	 3378	  3	  18	  109
	 2	 3379	  3	  18	  108
	 2	 3380	  3	  18	  107
	 2	 3381	  3	  18	  106
	 2	 3382	  3	  18	  105
	 2	 3383	  3	  18	  104
	 2	 3384	  3	  18	  96
	 2	 3385	  3	  18	  97
	 2	 3386	  3	  18	  98
	 2	 3387	  3	  18	  99
	 2	 3388	  3	  18	  100
	 2	 3389	  3	  18	  101
	 2	 3390	  3	  18	  102
	 2	 3391	  3	  18	  103
	 2	 3392	  3	  21	  96
	 2	 3393	  3	  21	  97
	 2	 3394	  3	  21	  98
	 2	 3395	  3	  21	  99
	 2	 3396	  3	  21	  100
	 2	 3397	  3	  21	  101
	 2	 3398	  3	  21	  102
	 2	 3399	  3	  21	  103
	 2	 3400	  3	  21	  111
	 2	 3401	  3	  21	  110
	 2	 3402	  3	  21	  109
	 2	 3403	  3	  21	  108
	 2	 3404	  3	  21	  107
	 2	 3405	  3	  21	  106
	 2	 3406	  3	  21	  105
	 2	 3407	  3	  21	  104
	 2	 3408	  3	  20	  111
	 2	 3409	  3	  20	  110
	 2	 3410	  3	  20	  109
	 2	 3411	  3	  20	  108
	 2	 3412	  3	  20	  107
	 2	 3413	  3	  20	  106
	 2	 3414	  3	  20	  105
	 2	 3415	  3	  20	  104
	 2	 3416	  3	  20	  96
	 2	 3417	  3	  20	  97
	 2	 3418	  3	  20	  98
	 2	 3419	  3	  20	  99
	 2	 3420	  3	  20	  100
	 2	 3421	  3	  20	  101
	 2	 3422	  3	  20	  102
	 2	 3423	  3	  20	  103
	 2	 3424	  3	  23	  96
	 2	 3425	  3	  23	  97
	 2	 3426	  3	  23	  98
	 2	 3427	  3	  23	  99
	 2	 3428	  3	  23	  100
	 2	 3429	  3	  23	  101
	 2	 3430	  3	  23	  102
	 2	 3431	  3	  23	  103
	 2	 3432	  3	  23	  111
	 2	 3433	  3	  23	  110
	 2	 3434	  3	  23	  109
	 2	 3435	  3	  23	  108
	 2	 3436	  3	  23	  107
	 2	 3437	  3	  23	  106
	 2	 3438	  3	  23	  105
	 2	 3439	  3	  23	  104
	 2	 3440	  3	  22	  111
	 2	 3441	  3	  22	  110
	 2	 3442	  3	  22	  109
	 2	 3443	  3	  22	  108
	 2	 3444	  3	  22	  107
	 2	 3445	  3	  22	  106
	 2	 3446	  3	  22	  105
	 2	 3447	  3	  22	  104
	 2	 3448	  3	  22	  96
	 2	 3449	  3	  22	  97
	 2	 3450	  3	  22	  98
	 2	 3451	  3	  22	  99
	 2	 3452	  3	  22	  100
	 2	 3453	  3	  22	  101
	 2	 3454	  3	  22	  102
	 2	 3455	  3	  22	  103
	 2	 3712	  3	  22	  127
	 2	 3713	  3	  22	  126
	 2	 3714	  3	  22	  125
	 2	 3715	  3	  22	  124
	 2	 3716	  3	  22	  123
	 2	 3717	  3	  22	  122
	 2	 3718	  3	  22	  121
	 2	 3719	  3	  22	  120
	 2	 3720	  3	  22	  112
	 2	 3721	  3	  22	  113
	 2	 3722	  3	  22	  114
	 2	 3723	  3	  22	  115
	 2	 3724	  3	  22	  116
	 2	 3725	  3	  22	  117
	 2	 3726	  3	  22	  118
	 2	 3727	  3	  22	  119
	 2	 3728	  3	  23	  112
	 2	 3729	  3	  23	  113
	 2	 3730	  3	  23	  114
	 2	 3731	  3	  23	  115
	 2	 3732	  3	  23	  116
	 2	 3733	  3	  23	  117
	 2	 3734	  3	  23	  118
	 2	 3735	  3	  23	  119
	 2	 3736	  3	  23	  127
	 2	 3737	  3	  23	  126
	 2	 3738	  3	  23	  125
	 2	 3739	  3	  23	  124
	 2	 3740	  3	  23	  123
	 2	 3741	  3	  23	  122
	 2	 3742	  3	  23	  121
	 2	 3743	  3	  23	  120
	 2	 3744	  3	  24	  127
	 2	 3745	  3	  24	  126
	 2	 3746	  3	  24	  125
	 2	 3747	  3	  24	  124
	 2	 3748	  3	  24	  123
	 2	 3749	  3	  24	  122
	 2	 3750	  3	  24	  121
	 2	 3751	  3	  24	  120
	 2	 3752	  3	  24	  112
	 2	 3753	  3	  24	  113
	 2	 3754	  3	  24	  114
	 2	 3755	  3	  24	  115
	 2	 3756	  3	  24	  116
	 2	 3757	  3	  24	  117
	 2	 3758	  3	  24	  118
	 2	 3759	  3	  24	  119
	 2	 3760	  3	  25	  112
	 2	 3761	  3	  25	  113
	 2	 3762	  3	  25	  114
	 2	 3763	  3	  25	  115
	 2	 3764	  3	  25	  116
	 2	 3765	  3	  25	  117
	 2	 3766	  3	  25	  118
	 2	 3767	  3	  25	  119
	 2	 3768	  3	  25	  127
	 2	 3769	  3	  25	  126
	 2	 3770	  3	  25	  125
	 2	 3771	  3	  25	  124
	 2	 3772	  3	  25	  123
	 2	 3773	  3	  25	  122
	 2	 3774	  3	  25	  121
	 2	 3775	  3	  25	  120
	 2	 3776	  3	  26	  127
	 2	 3777	  3	  26	  126
	 2	 3778	  3	  26	  125
	 2	 3779	  3	  26	  124
	 2	 3780	  3	  26	  123
	 2	 3781	  3	  26	  122
	 2	 3782	  3	  26	  121
	 2	 3783	  3	  26	  120
	 2	 3784	  3	  26	  112
	 2	 3785	  3	  26	  113
	 2	 3786	  3	  26	  114
	 2	 3787	  3	  26	  115
	 2	 3788	  3	  26	  116
	 2	 3789	  3	  26	  117
	 2	 3790	  3	  26	  118
	 2	 3791	  3	  26	  119
	 2	 3792	  3	  27	  112
	 2	 3793	  3	  27	  113
	 2	 3794	  3	  27	  114
	 2	 3795	  3	  27	  115
	 2	 3796	  3	  27	  116
	 2	 3797	  3	  27	  117
	 2	 3798	  3	  27	  118
	 2	 3799	  3	  27	  119
	 2	 3800	  3	  27	  127
	 2	 3801	  3	  27	  126
	 2	 3802	  3	  27	  125
	 2	 3803	  3	  27	  124
	 2	 3804	  3	  27	  123
	 2	 3805	  3	  27	  122
	 2	 3806	  3	  27	  121
	 2	 3807	  3	  27	  120
	 2	 3808	  3	  25	  96
	 2	 3809	  3	  25	  97
	 2	 3810	  3	  25	  98
	 2	 3811	  3	  25	  99
	 2	 3812	  3	  25	  100
	 2	 3813	  3	  25	  101
	 2	 3814	  3	  25	  102
	 2	 3815	  3	  25	  103
	 2	 3816	  3	  25	  111
	 2	 3817	  3	  25	  110
	 2	 3818	  3	  25	  109
	 2	 3819	  3	  25	  108
	 2	 3820	  3	  25	  107
	 2	 3821	  3	  25	  106
	 2	 3822	  3	  25	  105
	 2	 3823	  3	  25	  104
	 2	 3824	  3	  24	  111
	 2	 3825	  3	  24	  110
	 2	 3826	  3	  24	  109
	 2	 3827	  3	  24	  108
	 2	 3828	  3	  24	  107
	 2	 3829	  3	  24	  106
	 2	 3830	  3	  24	  105
	 2	 3831	  3	  24	  104
	 2	 3832	  3	  24	  96
	 2	 3833	  3	  24	  97
	 2	 3834	  3	  24	  98
	 2	 3835	  3	  24	  99
	 2	 3836	  3	  24	  100
	 2	 3837	  3	  24	  101
	 2	 3838	  3	  24	  102
	 2	 3839	  3	  24	  103
	 2	 3840	  3	  16	  127
	 2	 3841	  3	  16	  126
	 2	 3842	  3	  16	  125
	 2	 3843	  3	  16	  124
	 2	 3844	  3	  16	  123
	 2	 3845	  3	  16	  122
	 2	 3846	  3	  16	  121
	 2	 3847	  3	  16	  120
	 2	 3848	  3	  16	  112
	 2	 3849	  3	  16	  113
	 2	 3850	  3	  16	  114
	 2	 3851	  3	  16	  115
	 2	 3852	  3	  16	  116
	 2	 3853	  3	  16	  117
	 2	 3854	  3	  16	  118
	 2	 3855	  3	  16	  119
	 2	 3856	  3	  17	  112
	 2	 3857	  3	  17	  113
	 2	 3858	  3	  17	  114
	 2	 3859	  3	  17	  115
	 2	 3860	  3	  17	  116
	 2	 3861	  3	  17	  117
	 2	 3862	  3	  17	  118
	 2	 3863	  3	  17	  119
	 2	 3864	  3	  17	  127
	 2	 3865	  3	  17	  126
	 2	 3866	  3	  17	  125
	 2	 3867	  3	  17	  124
	 2	 3868	  3	  17	  123
	 2	 3869	  3	  17	  122
	 2	 3870	  3	  17	  121
	 2	 3871	  3	  17	  120
	 2	 3872	  3	  18	  127
	 2	 3873	  3	  18	  126
	 2	 3874	  3	  18	  125
	 2	 3875	  3	  18	  124
	 2	 3876	  3	  18	  123
	 2	 3877	  3	  18	  122
	 2	 3878	  3	  18	  121
	 2	 3879	  3	  18	  120
	 2	 3880	  3	  18	  112
	 2	 3881	  3	  18	  113
	 2	 3882	  3	  18	  114
	 2	 3883	  3	  18	  115
	 2	 3884	  3	  18	  116
	 2	 3885	  3	  18	  117
	 2	 3886	  3	  18	  118
	 2	 3887	  3	  18	  119
	 2	 3888	  3	  19	  112
	 2	 3889	  3	  19	  113
	 2	 3890	  3	  19	  114
	 2	 3891	  3	  19	  115
	 2	 3892	  3	  19	  116
	 2	 3893	  3	  19	  117
	 2	 3894	  3	  19	  118
	 2	 3895	  3	  19	  119
	 2	 3896	  3	  19	  127
	 2	 3897	  3	  19	  126
	 2	 3898	  3	  19	  125
	 2	 3899	  3	  19	  124
	 2	 3900	  3	  19	  123
	 2	 3901	  3	  19	  122
	 2	 3902	  3	  19	  121
	 2	 3903	  3	  19	  120
	 2	 3904	  3	  20	  127
	 2	 3905	  3	  20	  126
	 2	 3906	  3	  20	  125
	 2	 3907	  3	  20	  124
	 2	 3908	  3	  20	  123
	 2	 3909	  3	  20	  122
	 2	 3910	  3	  20	  121
	 2	 3911	  3	  20	  120
	 2	 3912	  3	  20	  112
	 2	 3913	  3	  20	  113
	 2	 3914	  3	  20	  114
	 2	 3915	  3	  20	  115
	 2	 3916	  3	  20	  116
	 2	 3917	  3	  20	  117
	 2	 3918	  3	  20	  118
	 2	 3919	  3	  20	  119
	 2	 3920	  3	  21	  112
	 2	 3921	  3	  21	  113
	 2	 3922	  3	  21	  114
	 2	 3923	  3	  21	  115
	 2	 3924	  3	  21	  116
	 2	 3925	  3	  21	  117
	 2	 3926	  3	  21	  118
	 2	 3927	  3	  21	  119
	 2	 3928	  3	  21	  127
	 2	 3929	  3	  21	  126
	 2	 3930	  3	  21	  125
	 2	 3931	  3	  21	  124
	 2	 3932	  3	  21	  123
	 2	 3933	  3	  21	  122
	 2	 3934	  3	  21	  121
	 2	 3935	  3	  21	  120
	 2	 3936	  3	  15	  96
	 2	 3937	  3	  15	  97
	 2	 3938	  3	  15	  98
	 2	 3939	  3	  15	  99
	 2	 3940	  3	  15	  100
	 2	 3941	  3	  15	  101
	 2	 3942	  3	  15	  102
	 2	 3943	  3	  15	  103
	 2	 3944	  3	  15	  111
	 2	 3945	  3	  15	  110
	 2	 3946	  3	  15	  109
	 2	 3947	  3	  15	  108
	 2	 3948	  3	  15	  107
	 2	 3949	  3	  15	  106
	 2	 3950	  3	  15	  105
	 2	 3951	  3	  15	  104
	 2	 3952	  3	  14	  111
	 2	 3953	  3	  14	  110
	 2	 3954	  3	  14	  109
	 2	 3955	  3	  14	  108
	 2	 3956	  3	  14	  107
	 2	 3957	  3	  14	  106
	 2	 3958	  3	  14	  105
	 2	 3959	  3	  14	  104
	 2	 3960	  3	  14	  96
	 2	 3961	  3	  14	  97
	 2	 3962	  3	  14	  98
	 2	 3963	  3	  14	  99
	 2	 3964	  3	  14	  100
	 2	 3965	  3	  14	  101
	 2	 3966	  3	  14	  102
	 2	 3967	  3	  14	  103
