#/ Mapping list of hardware channel to soft ware channnel 
#/ soft ware channels are asigned by anti-clockwise from surface. 
#/ designed for the data for Jul.08. 
#/ 	 RCU 	 channel 	 module layer 	 pad  
 	 2	 128	 	 3	 12	 127
 	 2	 129	 	 3	 12	 126
 	 2	 130	 	 3	 12	 125
 	 2	 131	 	 3	 12	 124
 	 2	 132	 	 3	 12	 123
 	 2	 133	 	 3	 12	 122
 	 2	 134	 	 3	 12	 121
 	 2	 135	 	 3	 12	 120
 	 2	 136	 	 3	 12	 112
 	 2	 137	 	 3	 12	 113
 	 2	 138	 	 3	 12	 114
 	 2	 139	 	 3	 12	 115
 	 2	 140	 	 3	 12	 116
 	 2	 141	 	 3	 12	 117
 	 2	 142	 	 3	 12	 118
 	 2	 143	 	 3	 12	 119
 	 2	 144	 	 3	 13	 112
 	 2	 145	 	 3	 13	 113
 	 2	 146	 	 3	 13	 114
 	 2	 147	 	 3	 13	 115
 	 2	 148	 	 3	 13	 116
 	 2	 149	 	 3	 13	 117
 	 2	 150	 	 3	 13	 118
 	 2	 151	 	 3	 13	 119
 	 2	 152	 	 3	 13	 127
 	 2	 153	 	 3	 13	 126
 	 2	 154	 	 3	 13	 125
 	 2	 155	 	 3	 13	 124
 	 2	 156	 	 3	 13	 123
 	 2	 157	 	 3	 13	 122
 	 2	 158	 	 3	 13	 121
 	 2	 159	 	 3	 13	 120
 	 2	 160	 	 3	 12	 111
 	 2	 161	 	 3	 12	 110
 	 2	 162	 	 3	 12	 109
 	 2	 163	 	 3	 12	 108
 	 2	 164	 	 3	 12	 107
 	 2	 165	 	 3	 12	 106
 	 2	 166	 	 3	 12	 105
 	 2	 167	 	 3	 12	 104
 	 2	 168	 	 3	 12	 96
 	 2	 169	 	 3	 12	 97
 	 2	 170	 	 3	 12	 98
 	 2	 171	 	 3	 12	 99
 	 2	 172	 	 3	 12	 100
 	 2	 173	 	 3	 12	 101
 	 2	 174	 	 3	 12	 102
 	 2	 175	 	 3	 12	 103
 	 2	 176	 	 3	 13	 96
 	 2	 177	 	 3	 13	 97
 	 2	 178	 	 3	 13	 98
 	 2	 179	 	 3	 13	 99
 	 2	 180	 	 3	 13	 100
 	 2	 181	 	 3	 13	 101
 	 2	 182	 	 3	 13	 102
 	 2	 183	 	 3	 13	 103
 	 2	 184	 	 3	 13	 111
 	 2	 185	 	 3	 13	 110
 	 2	 186	 	 3	 13	 109
 	 2	 187	 	 3	 13	 108
 	 2	 188	 	 3	 13	 107
 	 2	 189	 	 3	 13	 106
 	 2	 190	 	 3	 13	 105
 	 2	 191	 	 3	 13	 104
 	 2	 192	 	 3	 12	 95
 	 2	 193	 	 3	 12	 94
 	 2	 194	 	 3	 12	 93
 	 2	 195	 	 3	 12	 92
 	 2	 196	 	 3	 12	 91
 	 2	 197	 	 3	 12	 90
 	 2	 198	 	 3	 12	 89
 	 2	 199	 	 3	 12	 88
 	 2	 200	 	 3	 12	 80
 	 2	 201	 	 3	 12	 81
 	 2	 202	 	 3	 12	 82
 	 2	 203	 	 3	 12	 83
 	 2	 204	 	 3	 12	 84
 	 2	 205	 	 3	 12	 85
 	 2	 206	 	 3	 12	 86
 	 2	 207	 	 3	 12	 87
 	 2	 208	 	 3	 13	 80
 	 2	 209	 	 3	 13	 81
 	 2	 210	 	 3	 13	 82
 	 2	 211	 	 3	 13	 83
 	 2	 212	 	 3	 13	 84
 	 2	 213	 	 3	 13	 85
 	 2	 214	 	 3	 13	 86
 	 2	 215	 	 3	 13	 87
 	 2	 216	 	 3	 13	 95
 	 2	 217	 	 3	 13	 94
 	 2	 218	 	 3	 13	 93
 	 2	 219	 	 3	 13	 92
 	 2	 220	 	 3	 13	 91
 	 2	 221	 	 3	 13	 90
 	 2	 222	 	 3	 13	 89
 	 2	 223	 	 3	 13	 88
 	 2	 224	 	 3	 12	 79
 	 2	 225	 	 3	 12	 78
 	 2	 226	 	 3	 12	 77
 	 2	 227	 	 3	 12	 76
 	 2	 228	 	 3	 12	 75
 	 2	 229	 	 3	 12	 74
 	 2	 230	 	 3	 12	 73
 	 2	 231	 	 3	 12	 72
 	 2	 232	 	 3	 12	 64
 	 2	 233	 	 3	 12	 65
 	 2	 234	 	 3	 12	 66
 	 2	 235	 	 3	 12	 67
 	 2	 236	 	 3	 12	 68
 	 2	 237	 	 3	 12	 69
 	 2	 238	 	 3	 12	 70
 	 2	 239	 	 3	 12	 71
 	 2	 240	 	 3	 13	 64
 	 2	 241	 	 3	 13	 65
 	 2	 242	 	 3	 13	 66
 	 2	 243	 	 3	 13	 67
 	 2	 244	 	 3	 13	 68
 	 2	 245	 	 3	 13	 69
 	 2	 246	 	 3	 13	 70
 	 2	 247	 	 3	 13	 71
 	 2	 248	 	 3	 13	 79
 	 2	 249	 	 3	 13	 78
 	 2	 250	 	 3	 13	 77
 	 2	 251	 	 3	 13	 76
 	 2	 252	 	 3	 13	 75
 	 2	 253	 	 3	 13	 74
 	 2	 254	 	 3	 13	 73
 	 2	 255	 	 3	 13	 72
 	 2	 256	 	 3	 10	 47
 	 2	 257	 	 3	 10	 46
 	 2	 258	 	 3	 10	 45
 	 2	 259	 	 3	 10	 44
 	 2	 260	 	 3	 10	 43
 	 2	 261	 	 3	 10	 42
 	 2	 262	 	 3	 10	 41
 	 2	 263	 	 3	 10	 40
 	 2	 264	 	 3	 10	 32
 	 2	 265	 	 3	 10	 33
 	 2	 266	 	 3	 10	 34
 	 2	 267	 	 3	 10	 35
 	 2	 268	 	 3	 10	 36
 	 2	 269	 	 3	 10	 37
 	 2	 270	 	 3	 10	 38
 	 2	 271	 	 3	 10	 39
 	 2	 272	 	 3	 11	 32
 	 2	 273	 	 3	 11	 33
 	 2	 274	 	 3	 11	 34
 	 2	 275	 	 3	 11	 35
 	 2	 276	 	 3	 11	 36
 	 2	 277	 	 3	 11	 37
 	 2	 278	 	 3	 11	 38
 	 2	 279	 	 3	 11	 39
 	 2	 280	 	 3	 11	 47
 	 2	 281	 	 3	 11	 46
 	 2	 282	 	 3	 11	 45
 	 2	 283	 	 3	 11	 44
 	 2	 284	 	 3	 11	 43
 	 2	 285	 	 3	 11	 42
 	 2	 286	 	 3	 11	 41
 	 2	 287	 	 3	 11	 40
 	 2	 288	 	 3	 8	 31
 	 2	 289	 	 3	 8	 30
 	 2	 290	 	 3	 8	 29
 	 2	 291	 	 3	 8	 28
 	 2	 292	 	 3	 8	 27
 	 2	 293	 	 3	 8	 26
 	 2	 294	 	 3	 8	 25
 	 2	 295	 	 3	 8	 24
 	 2	 296	 	 3	 8	 16
 	 2	 297	 	 3	 8	 17
 	 2	 298	 	 3	 8	 18
 	 2	 299	 	 3	 8	 19
 	 2	 300	 	 3	 8	 20
 	 2	 301	 	 3	 8	 21
 	 2	 302	 	 3	 8	 22
 	 2	 303	 	 3	 8	 23
 	 2	 304	 	 3	 9	 16
 	 2	 305	 	 3	 9	 17
 	 2	 306	 	 3	 9	 18
 	 2	 307	 	 3	 9	 19
 	 2	 308	 	 3	 9	 20
 	 2	 309	 	 3	 9	 21
 	 2	 310	 	 3	 9	 22
 	 2	 311	 	 3	 9	 23
 	 2	 312	 	 3	 9	 31
 	 2	 313	 	 3	 9	 30
 	 2	 314	 	 3	 9	 29
 	 2	 315	 	 3	 9	 28
 	 2	 316	 	 3	 9	 27
 	 2	 317	 	 3	 9	 26
 	 2	 318	 	 3	 9	 25
 	 2	 319	 	 3	 9	 24
 	 2	 320	 	 3	 8	 15
 	 2	 321	 	 3	 8	 14
 	 2	 322	 	 3	 8	 13
 	 2	 323	 	 3	 8	 12
 	 2	 324	 	 3	 8	 11
 	 2	 325	 	 3	 8	 10
 	 2	 326	 	 3	 8	 9
 	 2	 327	 	 3	 8	 8
 	 2	 328	 	 3	 8	 0
 	 2	 329	 	 3	 8	 1
 	 2	 330	 	 3	 8	 2
 	 2	 331	 	 3	 8	 3
 	 2	 332	 	 3	 8	 4
 	 2	 333	 	 3	 8	 5
 	 2	 334	 	 3	 8	 6
 	 2	 335	 	 3	 8	 7
 	 2	 336	 	 3	 9	 0
 	 2	 337	 	 3	 9	 1
 	 2	 338	 	 3	 9	 2
 	 2	 339	 	 3	 9	 3
 	 2	 340	 	 3	 9	 4
 	 2	 341	 	 3	 9	 5
 	 2	 342	 	 3	 9	 6
 	 2	 343	 	 3	 9	 7
 	 2	 344	 	 3	 9	 15
 	 2	 345	 	 3	 9	 14
 	 2	 346	 	 3	 9	 13
 	 2	 347	 	 3	 9	 12
 	 2	 348	 	 3	 9	 11
 	 2	 349	 	 3	 9	 10
 	 2	 350	 	 3	 9	 9
 	 2	 351	 	 3	 9	 8
 	 2	 352	 	 3	 10	 15
 	 2	 353	 	 3	 10	 14
 	 2	 354	 	 3	 10	 13
 	 2	 355	 	 3	 10	 12
 	 2	 356	 	 3	 10	 11
 	 2	 357	 	 3	 10	 10
 	 2	 358	 	 3	 10	 9
 	 2	 359	 	 3	 10	 8
 	 2	 360	 	 3	 10	 0
 	 2	 361	 	 3	 10	 1
 	 2	 362	 	 3	 10	 2
 	 2	 363	 	 3	 10	 3
 	 2	 364	 	 3	 10	 4
 	 2	 365	 	 3	 10	 5
 	 2	 366	 	 3	 10	 6
 	 2	 367	 	 3	 10	 7
 	 2	 368	 	 3	 11	 0
 	 2	 369	 	 3	 11	 1
 	 2	 370	 	 3	 11	 2
 	 2	 371	 	 3	 11	 3
 	 2	 372	 	 3	 11	 4
 	 2	 373	 	 3	 11	 5
 	 2	 374	 	 3	 11	 6
 	 2	 375	 	 3	 11	 7
 	 2	 376	 	 3	 11	 15
 	 2	 377	 	 3	 11	 14
 	 2	 378	 	 3	 11	 13
 	 2	 379	 	 3	 11	 12
 	 2	 380	 	 3	 11	 11
 	 2	 381	 	 3	 11	 10
 	 2	 382	 	 3	 11	 9
 	 2	 383	 	 3	 11	 8
 	 2	 384	 	 3	 10	 111
 	 2	 385	 	 3	 10	 110
 	 2	 386	 	 3	 10	 109
 	 2	 387	 	 3	 10	 108
 	 2	 388	 	 3	 10	 107
 	 2	 389	 	 3	 10	 106
 	 2	 390	 	 3	 10	 105
 	 2	 391	 	 3	 10	 104
 	 2	 392	 	 3	 10	 96
 	 2	 393	 	 3	 10	 97
 	 2	 394	 	 3	 10	 98
 	 2	 395	 	 3	 10	 99
 	 2	 396	 	 3	 10	 100
 	 2	 397	 	 3	 10	 101
 	 2	 398	 	 3	 10	 102
 	 2	 399	 	 3	 10	 103
 	 2	 400	 	 3	 11	 96
 	 2	 401	 	 3	 11	 97
 	 2	 402	 	 3	 11	 98
 	 2	 403	 	 3	 11	 99
 	 2	 404	 	 3	 11	 100
 	 2	 405	 	 3	 11	 101
 	 2	 406	 	 3	 11	 102
 	 2	 407	 	 3	 11	 103
 	 2	 408	 	 3	 11	 111
 	 2	 409	 	 3	 11	 110
 	 2	 410	 	 3	 11	 109
 	 2	 411	 	 3	 11	 108
 	 2	 412	 	 3	 11	 107
 	 2	 413	 	 3	 11	 106
 	 2	 414	 	 3	 11	 105
 	 2	 415	 	 3	 11	 104
 	 2	 416	 	 3	 10	 95
 	 2	 417	 	 3	 10	 94
 	 2	 418	 	 3	 10	 93
 	 2	 419	 	 3	 10	 92
 	 2	 420	 	 3	 10	 91
 	 2	 421	 	 3	 10	 90
 	 2	 422	 	 3	 10	 89
 	 2	 423	 	 3	 10	 88
 	 2	 424	 	 3	 10	 80
 	 2	 425	 	 3	 10	 81
 	 2	 426	 	 3	 10	 82
 	 2	 427	 	 3	 10	 83
 	 2	 428	 	 3	 10	 84
 	 2	 429	 	 3	 10	 85
 	 2	 430	 	 3	 10	 86
 	 2	 431	 	 3	 10	 87
 	 2	 432	 	 3	 11	 80
 	 2	 433	 	 3	 11	 81
 	 2	 434	 	 3	 11	 82
 	 2	 435	 	 3	 11	 83
 	 2	 436	 	 3	 11	 84
 	 2	 437	 	 3	 11	 85
 	 2	 438	 	 3	 11	 86
 	 2	 439	 	 3	 11	 87
 	 2	 440	 	 3	 11	 95
 	 2	 441	 	 3	 11	 94
 	 2	 442	 	 3	 11	 93
 	 2	 443	 	 3	 11	 92
 	 2	 444	 	 3	 11	 91
 	 2	 445	 	 3	 11	 90
 	 2	 446	 	 3	 11	 89
 	 2	 447	 	 3	 11	 88
 	 2	 448	 	 3	 10	 79
 	 2	 449	 	 3	 10	 78
 	 2	 450	 	 3	 10	 77
 	 2	 451	 	 3	 10	 76
 	 2	 452	 	 3	 10	 75
 	 2	 453	 	 3	 10	 74
 	 2	 454	 	 3	 10	 73
 	 2	 455	 	 3	 10	 72
 	 2	 456	 	 3	 10	 64
 	 2	 457	 	 3	 10	 65
 	 2	 458	 	 3	 10	 66
 	 2	 459	 	 3	 10	 67
 	 2	 460	 	 3	 10	 68
 	 2	 461	 	 3	 10	 69
 	 2	 462	 	 3	 10	 70
 	 2	 463	 	 3	 10	 71
 	 2	 464	 	 3	 11	 64
 	 2	 465	 	 3	 11	 65
 	 2	 466	 	 3	 11	 66
 	 2	 467	 	 3	 11	 67
 	 2	 468	 	 3	 11	 68
 	 2	 469	 	 3	 11	 69
 	 2	 470	 	 3	 11	 70
 	 2	 471	 	 3	 11	 71
 	 2	 472	 	 3	 11	 79
 	 2	 473	 	 3	 11	 78
 	 2	 474	 	 3	 11	 77
 	 2	 475	 	 3	 11	 76
 	 2	 476	 	 3	 11	 75
 	 2	 477	 	 3	 11	 74
 	 2	 478	 	 3	 11	 73
 	 2	 479	 	 3	 11	 72
 	 2	 480	 	 3	 10	 63
 	 2	 481	 	 3	 10	 62
 	 2	 482	 	 3	 10	 61
 	 2	 483	 	 3	 10	 60
 	 2	 484	 	 3	 10	 59
 	 2	 485	 	 3	 10	 58
 	 2	 486	 	 3	 10	 57
 	 2	 487	 	 3	 10	 56
 	 2	 488	 	 3	 10	 48
 	 2	 489	 	 3	 10	 49
 	 2	 490	 	 3	 10	 50
 	 2	 491	 	 3	 10	 51
 	 2	 492	 	 3	 10	 52
 	 2	 493	 	 3	 10	 53
 	 2	 494	 	 3	 10	 54
 	 2	 495	 	 3	 10	 55
 	 2	 496	 	 3	 11	 48
 	 2	 497	 	 3	 11	 49
 	 2	 498	 	 3	 11	 50
 	 2	 499	 	 3	 11	 51
 	 2	 500	 	 3	 11	 52
 	 2	 501	 	 3	 11	 53
 	 2	 502	 	 3	 11	 54
 	 2	 503	 	 3	 11	 55
 	 2	 504	 	 3	 11	 63
 	 2	 505	 	 3	 11	 62
 	 2	 506	 	 3	 11	 61
 	 2	 507	 	 3	 11	 60
 	 2	 508	 	 3	 11	 59
 	 2	 509	 	 3	 11	 58
 	 2	 510	 	 3	 11	 57
 	 2	 511	 	 3	 11	 56
 	 2	 512	 	 3	 16	 191
 	 2	 513	 	 3	 16	 190
 	 2	 514	 	 3	 16	 189
 	 2	 515	 	 3	 16	 188
 	 2	 516	 	 3	 16	 187
 	 2	 517	 	 3	 16	 186
 	 2	 518	 	 3	 16	 185
 	 2	 519	 	 3	 16	 184
 	 2	 520	 	 3	 16	 176
 	 2	 521	 	 3	 16	 177
 	 2	 522	 	 3	 16	 178
 	 2	 523	 	 3	 16	 179
 	 2	 524	 	 3	 16	 180
 	 2	 525	 	 3	 16	 181
 	 2	 526	 	 3	 16	 182
 	 2	 527	 	 3	 16	 183
 	 2	 528	 	 3	 17	 176
 	 2	 529	 	 3	 17	 177
 	 2	 530	 	 3	 17	 178
 	 2	 531	 	 3	 17	 179
 	 2	 532	 	 3	 17	 180
 	 2	 533	 	 3	 17	 181
 	 2	 534	 	 3	 17	 182
 	 2	 535	 	 3	 17	 183
 	 2	 536	 	 3	 17	 191
 	 2	 537	 	 3	 17	 190
 	 2	 538	 	 3	 17	 189
 	 2	 539	 	 3	 17	 188
 	 2	 540	 	 3	 17	 187
 	 2	 541	 	 3	 17	 186
 	 2	 542	 	 3	 17	 185
 	 2	 543	 	 3	 17	 184
 	 2	 544	 	 3	 10	 159
 	 2	 545	 	 3	 10	 158
 	 2	 546	 	 3	 10	 157
 	 2	 547	 	 3	 10	 156
 	 2	 548	 	 3	 10	 155
 	 2	 549	 	 3	 10	 154
 	 2	 550	 	 3	 10	 153
 	 2	 551	 	 3	 10	 152
 	 2	 552	 	 3	 10	 144
 	 2	 553	 	 3	 10	 145
 	 2	 554	 	 3	 10	 146
 	 2	 555	 	 3	 10	 147
 	 2	 556	 	 3	 10	 148
 	 2	 557	 	 3	 10	 149
 	 2	 558	 	 3	 10	 150
 	 2	 559	 	 3	 10	 151
 	 2	 560	 	 3	 11	 144
 	 2	 561	 	 3	 11	 145
 	 2	 562	 	 3	 11	 146
 	 2	 563	 	 3	 11	 147
 	 2	 564	 	 3	 11	 148
 	 2	 565	 	 3	 11	 149
 	 2	 566	 	 3	 11	 150
 	 2	 567	 	 3	 11	 151
 	 2	 568	 	 3	 11	 159
 	 2	 569	 	 3	 11	 158
 	 2	 570	 	 3	 11	 157
 	 2	 571	 	 3	 11	 156
 	 2	 572	 	 3	 11	 155
 	 2	 573	 	 3	 11	 154
 	 2	 574	 	 3	 11	 153
 	 2	 575	 	 3	 11	 152
 	 2	 576	 	 3	 10	 143
 	 2	 577	 	 3	 10	 142
 	 2	 578	 	 3	 10	 141
 	 2	 579	 	 3	 10	 140
 	 2	 580	 	 3	 10	 139
 	 2	 581	 	 3	 10	 138
 	 2	 582	 	 3	 10	 137
 	 2	 583	 	 3	 10	 136
 	 2	 584	 	 3	 10	 128
 	 2	 585	 	 3	 10	 129
 	 2	 586	 	 3	 10	 130
 	 2	 587	 	 3	 10	 131
 	 2	 588	 	 3	 10	 132
 	 2	 589	 	 3	 10	 133
 	 2	 590	 	 3	 10	 134
 	 2	 591	 	 3	 10	 135
 	 2	 592	 	 3	 11	 128
 	 2	 593	 	 3	 11	 129
 	 2	 594	 	 3	 11	 130
 	 2	 595	 	 3	 11	 131
 	 2	 596	 	 3	 11	 132
 	 2	 597	 	 3	 11	 133
 	 2	 598	 	 3	 11	 134
 	 2	 599	 	 3	 11	 135
 	 2	 600	 	 3	 11	 143
 	 2	 601	 	 3	 11	 142
 	 2	 602	 	 3	 11	 141
 	 2	 603	 	 3	 11	 140
 	 2	 604	 	 3	 11	 139
 	 2	 605	 	 3	 11	 138
 	 2	 606	 	 3	 11	 137
 	 2	 607	 	 3	 11	 136
 	 2	 608	 	 3	 10	 127
 	 2	 609	 	 3	 10	 126
 	 2	 610	 	 3	 10	 125
 	 2	 611	 	 3	 10	 124
 	 2	 612	 	 3	 10	 123
 	 2	 613	 	 3	 10	 122
 	 2	 614	 	 3	 10	 121
 	 2	 615	 	 3	 10	 120
 	 2	 616	 	 3	 10	 112
 	 2	 617	 	 3	 10	 113
 	 2	 618	 	 3	 10	 114
 	 2	 619	 	 3	 10	 115
 	 2	 620	 	 3	 10	 116
 	 2	 621	 	 3	 10	 117
 	 2	 622	 	 3	 10	 118
 	 2	 623	 	 3	 10	 119
 	 2	 624	 	 3	 11	 112
 	 2	 625	 	 3	 11	 113
 	 2	 626	 	 3	 11	 114
 	 2	 627	 	 3	 11	 115
 	 2	 628	 	 3	 11	 116
 	 2	 629	 	 3	 11	 117
 	 2	 630	 	 3	 11	 118
 	 2	 631	 	 3	 11	 119
 	 2	 632	 	 3	 11	 127
 	 2	 633	 	 3	 11	 126
 	 2	 634	 	 3	 11	 125
 	 2	 635	 	 3	 11	 124
 	 2	 636	 	 3	 11	 123
 	 2	 637	 	 3	 11	 122
 	 2	 638	 	 3	 11	 121
 	 2	 639	 	 3	 11	 120
 	 2	 640	 	 3	 8	 79
 	 2	 641	 	 3	 8	 78
 	 2	 642	 	 3	 8	 77
 	 2	 643	 	 3	 8	 76
 	 2	 644	 	 3	 8	 75
 	 2	 645	 	 3	 8	 74
 	 2	 646	 	 3	 8	 73
 	 2	 647	 	 3	 8	 72
 	 2	 648	 	 3	 8	 64
 	 2	 649	 	 3	 8	 65
 	 2	 650	 	 3	 8	 66
 	 2	 651	 	 3	 8	 67
 	 2	 652	 	 3	 8	 68
 	 2	 653	 	 3	 8	 69
 	 2	 654	 	 3	 8	 70
 	 2	 655	 	 3	 8	 71
 	 2	 656	 	 3	 9	 64
 	 2	 657	 	 3	 9	 65
 	 2	 658	 	 3	 9	 66
 	 2	 659	 	 3	 9	 67
 	 2	 660	 	 3	 9	 68
 	 2	 661	 	 3	 9	 69
 	 2	 662	 	 3	 9	 70
 	 2	 663	 	 3	 9	 71
 	 2	 664	 	 3	 9	 79
 	 2	 665	 	 3	 9	 78
 	 2	 666	 	 3	 9	 77
 	 2	 667	 	 3	 9	 76
 	 2	 668	 	 3	 9	 75
 	 2	 669	 	 3	 9	 74
 	 2	 670	 	 3	 9	 73
 	 2	 671	 	 3	 9	 72
 	 2	 672	 	 3	 6	 63
 	 2	 673	 	 3	 6	 62
 	 2	 674	 	 3	 6	 61
 	 2	 675	 	 3	 6	 60
 	 2	 676	 	 3	 6	 59
 	 2	 677	 	 3	 6	 58
 	 2	 678	 	 3	 6	 57
 	 2	 679	 	 3	 6	 56
 	 2	 680	 	 3	 6	 48
 	 2	 681	 	 3	 6	 49
 	 2	 682	 	 3	 6	 50
 	 2	 683	 	 3	 6	 51
 	 2	 684	 	 3	 6	 52
 	 2	 685	 	 3	 6	 53
 	 2	 686	 	 3	 6	 54
 	 2	 687	 	 3	 6	 55
 	 2	 688	 	 3	 7	 48
 	 2	 689	 	 3	 7	 49
 	 2	 690	 	 3	 7	 50
 	 2	 691	 	 3	 7	 51
 	 2	 692	 	 3	 7	 52
 	 2	 693	 	 3	 7	 53
 	 2	 694	 	 3	 7	 54
 	 2	 695	 	 3	 7	 55
 	 2	 696	 	 3	 7	 63
 	 2	 697	 	 3	 7	 62
 	 2	 698	 	 3	 7	 61
 	 2	 699	 	 3	 7	 60
 	 2	 700	 	 3	 7	 59
 	 2	 701	 	 3	 7	 58
 	 2	 702	 	 3	 7	 57
 	 2	 703	 	 3	 7	 56
 	 2	 704	 	 3	 8	 63
 	 2	 705	 	 3	 8	 62
 	 2	 706	 	 3	 8	 61
 	 2	 707	 	 3	 8	 60
 	 2	 708	 	 3	 8	 59
 	 2	 709	 	 3	 8	 58
 	 2	 710	 	 3	 8	 57
 	 2	 711	 	 3	 8	 56
 	 2	 712	 	 3	 8	 48
 	 2	 713	 	 3	 8	 49
 	 2	 714	 	 3	 8	 50
 	 2	 715	 	 3	 8	 51
 	 2	 716	 	 3	 8	 52
 	 2	 717	 	 3	 8	 53
 	 2	 718	 	 3	 8	 54
 	 2	 719	 	 3	 8	 55
 	 2	 720	 	 3	 9	 48
 	 2	 721	 	 3	 9	 49
 	 2	 722	 	 3	 9	 50
 	 2	 723	 	 3	 9	 51
 	 2	 724	 	 3	 9	 52
 	 2	 725	 	 3	 9	 53
 	 2	 726	 	 3	 9	 54
 	 2	 727	 	 3	 9	 55
 	 2	 728	 	 3	 9	 63
 	 2	 729	 	 3	 9	 62
 	 2	 730	 	 3	 9	 61
 	 2	 731	 	 3	 9	 60
 	 2	 732	 	 3	 9	 59
 	 2	 733	 	 3	 9	 58
 	 2	 734	 	 3	 9	 57
 	 2	 735	 	 3	 9	 56
 	 2	 736	 	 3	 8	 47
 	 2	 737	 	 3	 8	 46
 	 2	 738	 	 3	 8	 45
 	 2	 739	 	 3	 8	 44
 	 2	 740	 	 3	 8	 43
 	 2	 741	 	 3	 8	 42
 	 2	 742	 	 3	 8	 41
 	 2	 743	 	 3	 8	 40
 	 2	 744	 	 3	 8	 32
 	 2	 745	 	 3	 8	 33
 	 2	 746	 	 3	 8	 34
 	 2	 747	 	 3	 8	 35
 	 2	 748	 	 3	 8	 36
 	 2	 749	 	 3	 8	 37
 	 2	 750	 	 3	 8	 38
 	 2	 751	 	 3	 8	 39
 	 2	 752	 	 3	 9	 32
 	 2	 753	 	 3	 9	 33
 	 2	 754	 	 3	 9	 34
 	 2	 755	 	 3	 9	 35
 	 2	 756	 	 3	 9	 36
 	 2	 757	 	 3	 9	 37
 	 2	 758	 	 3	 9	 38
 	 2	 759	 	 3	 9	 39
 	 2	 760	 	 3	 9	 47
 	 2	 761	 	 3	 9	 46
 	 2	 762	 	 3	 9	 45
 	 2	 763	 	 3	 9	 44
 	 2	 764	 	 3	 9	 43
 	 2	 765	 	 3	 9	 42
 	 2	 766	 	 3	 9	 41
 	 2	 767	 	 3	 9	 40
 	 2	 768	 	 3	 8	 143
 	 2	 769	 	 3	 8	 142
 	 2	 770	 	 3	 8	 141
 	 2	 771	 	 3	 8	 140
 	 2	 772	 	 3	 8	 139
 	 2	 773	 	 3	 8	 138
 	 2	 774	 	 3	 8	 137
 	 2	 775	 	 3	 8	 136
 	 2	 776	 	 3	 8	 128
 	 2	 777	 	 3	 8	 129
 	 2	 778	 	 3	 8	 130
 	 2	 779	 	 3	 8	 131
 	 2	 780	 	 3	 8	 132
 	 2	 781	 	 3	 8	 133
 	 2	 782	 	 3	 8	 134
 	 2	 783	 	 3	 8	 135
 	 2	 784	 	 3	 9	 128
 	 2	 785	 	 3	 9	 129
 	 2	 786	 	 3	 9	 130
 	 2	 787	 	 3	 9	 131
 	 2	 788	 	 3	 9	 132
 	 2	 789	 	 3	 9	 133
 	 2	 790	 	 3	 9	 134
 	 2	 791	 	 3	 9	 135
 	 2	 792	 	 3	 9	 143
 	 2	 793	 	 3	 9	 142
 	 2	 794	 	 3	 9	 141
 	 2	 795	 	 3	 9	 140
 	 2	 796	 	 3	 9	 139
 	 2	 797	 	 3	 9	 138
 	 2	 798	 	 3	 9	 137
 	 2	 799	 	 3	 9	 136
 	 2	 800	 	 3	 8	 127
 	 2	 801	 	 3	 8	 126
 	 2	 802	 	 3	 8	 125
 	 2	 803	 	 3	 8	 124
 	 2	 804	 	 3	 8	 123
 	 2	 805	 	 3	 8	 122
 	 2	 806	 	 3	 8	 121
 	 2	 807	 	 3	 8	 120
 	 2	 808	 	 3	 8	 112
 	 2	 809	 	 3	 8	 113
 	 2	 810	 	 3	 8	 114
 	 2	 811	 	 3	 8	 115
 	 2	 812	 	 3	 8	 116
 	 2	 813	 	 3	 8	 117
 	 2	 814	 	 3	 8	 118
 	 2	 815	 	 3	 8	 119
 	 2	 816	 	 3	 9	 112
 	 2	 817	 	 3	 9	 113
 	 2	 818	 	 3	 9	 114
 	 2	 819	 	 3	 9	 115
 	 2	 820	 	 3	 9	 116
 	 2	 821	 	 3	 9	 117
 	 2	 822	 	 3	 9	 118
 	 2	 823	 	 3	 9	 119
 	 2	 824	 	 3	 9	 127
 	 2	 825	 	 3	 9	 126
 	 2	 826	 	 3	 9	 125
 	 2	 827	 	 3	 9	 124
 	 2	 828	 	 3	 9	 123
 	 2	 829	 	 3	 9	 122
 	 2	 830	 	 3	 9	 121
 	 2	 831	 	 3	 9	 120
 	 2	 832	 	 3	 8	 111
 	 2	 833	 	 3	 8	 110
 	 2	 834	 	 3	 8	 109
 	 2	 835	 	 3	 8	 108
 	 2	 836	 	 3	 8	 107
 	 2	 837	 	 3	 8	 106
 	 2	 838	 	 3	 8	 105
 	 2	 839	 	 3	 8	 104
 	 2	 840	 	 3	 8	 96
 	 2	 841	 	 3	 8	 97
 	 2	 842	 	 3	 8	 98
 	 2	 843	 	 3	 8	 99
 	 2	 844	 	 3	 8	 100
 	 2	 845	 	 3	 8	 101
 	 2	 846	 	 3	 8	 102
 	 2	 847	 	 3	 8	 103
 	 2	 848	 	 3	 9	 96
 	 2	 849	 	 3	 9	 97
 	 2	 850	 	 3	 9	 98
 	 2	 851	 	 3	 9	 99
 	 2	 852	 	 3	 9	 100
 	 2	 853	 	 3	 9	 101
 	 2	 854	 	 3	 9	 102
 	 2	 855	 	 3	 9	 103
 	 2	 856	 	 3	 9	 111
 	 2	 857	 	 3	 9	 110
 	 2	 858	 	 3	 9	 109
 	 2	 859	 	 3	 9	 108
 	 2	 860	 	 3	 9	 107
 	 2	 861	 	 3	 9	 106
 	 2	 862	 	 3	 9	 105
 	 2	 863	 	 3	 9	 104
 	 2	 864	 	 3	 8	 95
 	 2	 865	 	 3	 8	 94
 	 2	 866	 	 3	 8	 93
 	 2	 867	 	 3	 8	 92
 	 2	 868	 	 3	 8	 91
 	 2	 869	 	 3	 8	 90
 	 2	 870	 	 3	 8	 89
 	 2	 871	 	 3	 8	 88
 	 2	 872	 	 3	 8	 80
 	 2	 873	 	 3	 8	 81
 	 2	 874	 	 3	 8	 82
 	 2	 875	 	 3	 8	 83
 	 2	 876	 	 3	 8	 84
 	 2	 877	 	 3	 8	 85
 	 2	 878	 	 3	 8	 86
 	 2	 879	 	 3	 8	 87
 	 2	 880	 	 3	 9	 80
 	 2	 881	 	 3	 9	 81
 	 2	 882	 	 3	 9	 82
 	 2	 883	 	 3	 9	 83
 	 2	 884	 	 3	 9	 84
 	 2	 885	 	 3	 9	 85
 	 2	 886	 	 3	 9	 86
 	 2	 887	 	 3	 9	 87
 	 2	 888	 	 3	 9	 95
 	 2	 889	 	 3	 9	 94
 	 2	 890	 	 3	 9	 93
 	 2	 891	 	 3	 9	 92
 	 2	 892	 	 3	 9	 91
 	 2	 893	 	 3	 9	 90
 	 2	 894	 	 3	 9	 89
 	 2	 895	 	 3	 9	 88
 	 2	 896	 	 3	 10	 175
 	 2	 897	 	 3	 10	 174
 	 2	 898	 	 3	 10	 173
 	 2	 899	 	 3	 10	 172
 	 2	 900	 	 3	 10	 171
 	 2	 901	 	 3	 10	 170
 	 2	 902	 	 3	 10	 169
 	 2	 903	 	 3	 10	 168
 	 2	 904	 	 3	 10	 160
 	 2	 905	 	 3	 10	 161
 	 2	 906	 	 3	 10	 162
 	 2	 907	 	 3	 10	 163
 	 2	 908	 	 3	 10	 164
 	 2	 909	 	 3	 10	 165
 	 2	 910	 	 3	 10	 166
 	 2	 911	 	 3	 10	 167
 	 2	 912	 	 3	 11	 160
 	 2	 913	 	 3	 11	 161
 	 2	 914	 	 3	 11	 162
 	 2	 915	 	 3	 11	 163
 	 2	 916	 	 3	 11	 164
 	 2	 917	 	 3	 11	 165
 	 2	 918	 	 3	 11	 166
 	 2	 919	 	 3	 11	 167
 	 2	 920	 	 3	 11	 175
 	 2	 921	 	 3	 11	 174
 	 2	 922	 	 3	 11	 173
 	 2	 923	 	 3	 11	 172
 	 2	 924	 	 3	 11	 171
 	 2	 925	 	 3	 11	 170
 	 2	 926	 	 3	 11	 169
 	 2	 927	 	 3	 11	 168
 	 2	 928	 	 3	 12	 175
 	 2	 929	 	 3	 12	 174
 	 2	 930	 	 3	 12	 173
 	 2	 931	 	 3	 12	 172
 	 2	 932	 	 3	 12	 171
 	 2	 933	 	 3	 12	 170
 	 2	 934	 	 3	 12	 169
 	 2	 935	 	 3	 12	 168
 	 2	 936	 	 3	 12	 160
 	 2	 937	 	 3	 12	 161
 	 2	 938	 	 3	 12	 162
 	 2	 939	 	 3	 12	 163
 	 2	 940	 	 3	 12	 164
 	 2	 941	 	 3	 12	 165
 	 2	 942	 	 3	 12	 166
 	 2	 943	 	 3	 12	 167
 	 2	 944	 	 3	 13	 160
 	 2	 945	 	 3	 13	 161
 	 2	 946	 	 3	 13	 162
 	 2	 947	 	 3	 13	 163
 	 2	 948	 	 3	 13	 164
 	 2	 949	 	 3	 13	 165
 	 2	 950	 	 3	 13	 166
 	 2	 951	 	 3	 13	 167
 	 2	 952	 	 3	 13	 175
 	 2	 953	 	 3	 13	 174
 	 2	 954	 	 3	 13	 173
 	 2	 955	 	 3	 13	 172
 	 2	 956	 	 3	 13	 171
 	 2	 957	 	 3	 13	 170
 	 2	 958	 	 3	 13	 169
 	 2	 959	 	 3	 13	 168
 	 2	 960	 	 3	 14	 191
 	 2	 961	 	 3	 14	 190
 	 2	 962	 	 3	 14	 189
 	 2	 963	 	 3	 14	 188
 	 2	 964	 	 3	 14	 187
 	 2	 965	 	 3	 14	 186
 	 2	 966	 	 3	 14	 185
 	 2	 967	 	 3	 14	 184
 	 2	 968	 	 3	 14	 176
 	 2	 969	 	 3	 14	 177
 	 2	 970	 	 3	 14	 178
 	 2	 971	 	 3	 14	 179
 	 2	 972	 	 3	 14	 180
 	 2	 973	 	 3	 14	 181
 	 2	 974	 	 3	 14	 182
 	 2	 975	 	 3	 14	 183
 	 2	 976	 	 3	 15	 176
 	 2	 977	 	 3	 15	 177
 	 2	 978	 	 3	 15	 178
 	 2	 979	 	 3	 15	 179
 	 2	 980	 	 3	 15	 180
 	 2	 981	 	 3	 15	 181
 	 2	 982	 	 3	 15	 182
 	 2	 983	 	 3	 15	 183
 	 2	 984	 	 3	 15	 191
 	 2	 985	 	 3	 15	 190
 	 2	 986	 	 3	 15	 189
 	 2	 987	 	 3	 15	 188
 	 2	 988	 	 3	 15	 187
 	 2	 989	 	 3	 15	 186
 	 2	 990	 	 3	 15	 185
 	 2	 991	 	 3	 15	 184
 	 2	 992	 	 3	 8	 159
 	 2	 993	 	 3	 8	 158
 	 2	 994	 	 3	 8	 157
 	 2	 995	 	 3	 8	 156
 	 2	 996	 	 3	 8	 155
 	 2	 997	 	 3	 8	 154
 	 2	 998	 	 3	 8	 153
 	 2	 999	 	 3	 8	 152
 	 2	 1000	 	 3	 8	 144
 	 2	 1001	 	 3	 8	 145
 	 2	 1002	 	 3	 8	 146
 	 2	 1003	 	 3	 8	 147
 	 2	 1004	 	 3	 8	 148
 	 2	 1005	 	 3	 8	 149
 	 2	 1006	 	 3	 8	 150
 	 2	 1007	 	 3	 8	 151
 	 2	 1008	 	 3	 9	 144
 	 2	 1009	 	 3	 9	 145
 	 2	 1010	 	 3	 9	 146
 	 2	 1011	 	 3	 9	 147
 	 2	 1012	 	 3	 9	 148
 	 2	 1013	 	 3	 9	 149
 	 2	 1014	 	 3	 9	 150
 	 2	 1015	 	 3	 9	 151
 	 2	 1016	 	 3	 9	 159
 	 2	 1017	 	 3	 9	 158
 	 2	 1018	 	 3	 9	 157
 	 2	 1019	 	 3	 9	 156
 	 2	 1020	 	 3	 9	 155
 	 2	 1021	 	 3	 9	 154
 	 2	 1022	 	 3	 9	 153
 	 2	 1023	 	 3	 9	 152
 	 2	 1024	 	 3	 6	 111
 	 2	 1025	 	 3	 6	 110
 	 2	 1026	 	 3	 6	 109
 	 2	 1027	 	 3	 6	 108
 	 2	 1028	 	 3	 6	 107
 	 2	 1029	 	 3	 6	 106
 	 2	 1030	 	 3	 6	 105
 	 2	 1031	 	 3	 6	 104
 	 2	 1032	 	 3	 6	 96
 	 2	 1033	 	 3	 6	 97
 	 2	 1034	 	 3	 6	 98
 	 2	 1035	 	 3	 6	 99
 	 2	 1036	 	 3	 6	 100
 	 2	 1037	 	 3	 6	 101
 	 2	 1038	 	 3	 6	 102
 	 2	 1039	 	 3	 6	 103
 	 2	 1040	 	 3	 7	 96
 	 2	 1041	 	 3	 7	 97
 	 2	 1042	 	 3	 7	 98
 	 2	 1043	 	 3	 7	 99
 	 2	 1044	 	 3	 7	 100
 	 2	 1045	 	 3	 7	 101
 	 2	 1046	 	 3	 7	 102
 	 2	 1047	 	 3	 7	 103
 	 2	 1048	 	 3	 7	 111
 	 2	 1049	 	 3	 7	 110
 	 2	 1050	 	 3	 7	 109
 	 2	 1051	 	 3	 7	 108
 	 2	 1052	 	 3	 7	 107
 	 2	 1053	 	 3	 7	 106
 	 2	 1054	 	 3	 7	 105
 	 2	 1055	 	 3	 7	 104
 	 2	 1056	 	 3	 6	 95
 	 2	 1057	 	 3	 6	 94
 	 2	 1058	 	 3	 6	 93
 	 2	 1059	 	 3	 6	 92
 	 2	 1060	 	 3	 6	 91
 	 2	 1061	 	 3	 6	 90
 	 2	 1062	 	 3	 6	 89
 	 2	 1063	 	 3	 6	 88
 	 2	 1064	 	 3	 6	 80
 	 2	 1065	 	 3	 6	 81
 	 2	 1066	 	 3	 6	 82
 	 2	 1067	 	 3	 6	 83
 	 2	 1068	 	 3	 6	 84
 	 2	 1069	 	 3	 6	 85
 	 2	 1070	 	 3	 6	 86
 	 2	 1071	 	 3	 6	 87
 	 2	 1072	 	 3	 7	 80
 	 2	 1073	 	 3	 7	 81
 	 2	 1074	 	 3	 7	 82
 	 2	 1075	 	 3	 7	 83
 	 2	 1076	 	 3	 7	 84
 	 2	 1077	 	 3	 7	 85
 	 2	 1078	 	 3	 7	 86
 	 2	 1079	 	 3	 7	 87
 	 2	 1080	 	 3	 7	 95
 	 2	 1081	 	 3	 7	 94
 	 2	 1082	 	 3	 7	 93
 	 2	 1083	 	 3	 7	 92
 	 2	 1084	 	 3	 7	 91
 	 2	 1085	 	 3	 7	 90
 	 2	 1086	 	 3	 7	 89
 	 2	 1087	 	 3	 7	 88
 	 2	 1088	 	 3	 6	 79
 	 2	 1089	 	 3	 6	 78
 	 2	 1090	 	 3	 6	 77
 	 2	 1091	 	 3	 6	 76
 	 2	 1092	 	 3	 6	 75
 	 2	 1093	 	 3	 6	 74
 	 2	 1094	 	 3	 6	 73
 	 2	 1095	 	 3	 6	 72
 	 2	 1096	 	 3	 6	 64
 	 2	 1097	 	 3	 6	 65
 	 2	 1098	 	 3	 6	 66
 	 2	 1099	 	 3	 6	 67
 	 2	 1100	 	 3	 6	 68
 	 2	 1101	 	 3	 6	 69
 	 2	 1102	 	 3	 6	 70
 	 2	 1103	 	 3	 6	 71
 	 2	 1104	 	 3	 7	 64
 	 2	 1105	 	 3	 7	 65
 	 2	 1106	 	 3	 7	 66
 	 2	 1107	 	 3	 7	 67
 	 2	 1108	 	 3	 7	 68
 	 2	 1109	 	 3	 7	 69
 	 2	 1110	 	 3	 7	 70
 	 2	 1111	 	 3	 7	 71
 	 2	 1112	 	 3	 7	 79
 	 2	 1113	 	 3	 7	 78
 	 2	 1114	 	 3	 7	 77
 	 2	 1115	 	 3	 7	 76
 	 2	 1116	 	 3	 7	 75
 	 2	 1117	 	 3	 7	 74
 	 2	 1118	 	 3	 7	 73
 	 2	 1119	 	 3	 7	 72
 	 2	 1120	 	 3	 4	 63
 	 2	 1121	 	 3	 4	 62
 	 2	 1122	 	 3	 4	 61
 	 2	 1123	 	 3	 4	 60
 	 2	 1124	 	 3	 4	 59
 	 2	 1125	 	 3	 4	 58
 	 2	 1126	 	 3	 4	 57
 	 2	 1127	 	 3	 4	 56
 	 2	 1128	 	 3	 4	 48
 	 2	 1129	 	 3	 4	 49
 	 2	 1130	 	 3	 4	 50
 	 2	 1131	 	 3	 4	 51
 	 2	 1132	 	 3	 4	 52
 	 2	 1133	 	 3	 4	 53
 	 2	 1134	 	 3	 4	 54
 	 2	 1135	 	 3	 4	 55
 	 2	 1136	 	 3	 5	 48
 	 2	 1137	 	 3	 5	 49
 	 2	 1138	 	 3	 5	 50
 	 2	 1139	 	 3	 5	 51
 	 2	 1140	 	 3	 5	 52
 	 2	 1141	 	 3	 5	 53
 	 2	 1142	 	 3	 5	 54
 	 2	 1143	 	 3	 5	 55
 	 2	 1144	 	 3	 5	 63
 	 2	 1145	 	 3	 5	 62
 	 2	 1146	 	 3	 5	 61
 	 2	 1147	 	 3	 5	 60
 	 2	 1148	 	 3	 5	 59
 	 2	 1149	 	 3	 5	 58
 	 2	 1150	 	 3	 5	 57
 	 2	 1151	 	 3	 5	 56
 	 2	 1152	 	 3	 4	 111
 	 2	 1153	 	 3	 4	 110
 	 2	 1154	 	 3	 4	 109
 	 2	 1155	 	 3	 4	 108
 	 2	 1156	 	 3	 4	 107
 	 2	 1157	 	 3	 4	 106
 	 2	 1158	 	 3	 4	 105
 	 2	 1159	 	 3	 4	 104
 	 2	 1160	 	 3	 4	 96
 	 2	 1161	 	 3	 4	 97
 	 2	 1162	 	 3	 4	 98
 	 2	 1163	 	 3	 4	 99
 	 2	 1164	 	 3	 4	 100
 	 2	 1165	 	 3	 4	 101
 	 2	 1166	 	 3	 4	 102
 	 2	 1167	 	 3	 4	 103
 	 2	 1168	 	 3	 5	 96
 	 2	 1169	 	 3	 5	 97
 	 2	 1170	 	 3	 5	 98
 	 2	 1171	 	 3	 5	 99
 	 2	 1172	 	 3	 5	 100
 	 2	 1173	 	 3	 5	 101
 	 2	 1174	 	 3	 5	 102
 	 2	 1175	 	 3	 5	 103
 	 2	 1176	 	 3	 5	 111
 	 2	 1177	 	 3	 5	 110
 	 2	 1178	 	 3	 5	 109
 	 2	 1179	 	 3	 5	 108
 	 2	 1180	 	 3	 5	 107
 	 2	 1181	 	 3	 5	 106
 	 2	 1182	 	 3	 5	 105
 	 2	 1183	 	 3	 5	 104
 	 2	 1184	 	 3	 4	 95
 	 2	 1185	 	 3	 4	 94
 	 2	 1186	 	 3	 4	 93
 	 2	 1187	 	 3	 4	 92
 	 2	 1188	 	 3	 4	 91
 	 2	 1189	 	 3	 4	 90
 	 2	 1190	 	 3	 4	 89
 	 2	 1191	 	 3	 4	 88
 	 2	 1192	 	 3	 4	 80
 	 2	 1193	 	 3	 4	 81
 	 2	 1194	 	 3	 4	 82
 	 2	 1195	 	 3	 4	 83
 	 2	 1196	 	 3	 4	 84
 	 2	 1197	 	 3	 4	 85
 	 2	 1198	 	 3	 4	 86
 	 2	 1199	 	 3	 4	 87
 	 2	 1200	 	 3	 5	 80
 	 2	 1201	 	 3	 5	 81
 	 2	 1202	 	 3	 5	 82
 	 2	 1203	 	 3	 5	 83
 	 2	 1204	 	 3	 5	 84
 	 2	 1205	 	 3	 5	 85
 	 2	 1206	 	 3	 5	 86
 	 2	 1207	 	 3	 5	 87
 	 2	 1208	 	 3	 5	 95
 	 2	 1209	 	 3	 5	 94
 	 2	 1210	 	 3	 5	 93
 	 2	 1211	 	 3	 5	 92
 	 2	 1212	 	 3	 5	 91
 	 2	 1213	 	 3	 5	 90
 	 2	 1214	 	 3	 5	 89
 	 2	 1215	 	 3	 5	 88
 	 2	 1216	 	 3	 4	 79
 	 2	 1217	 	 3	 4	 78
 	 2	 1218	 	 3	 4	 77
 	 2	 1219	 	 3	 4	 76
 	 2	 1220	 	 3	 4	 75
 	 2	 1221	 	 3	 4	 74
 	 2	 1222	 	 3	 4	 73
 	 2	 1223	 	 3	 4	 72
 	 2	 1224	 	 3	 4	 64
 	 2	 1225	 	 3	 4	 65
 	 2	 1226	 	 3	 4	 66
 	 2	 1227	 	 3	 4	 67
 	 2	 1228	 	 3	 4	 68
 	 2	 1229	 	 3	 4	 69
 	 2	 1230	 	 3	 4	 70
 	 2	 1231	 	 3	 4	 71
 	 2	 1232	 	 3	 5	 64
 	 2	 1233	 	 3	 5	 65
 	 2	 1234	 	 3	 5	 66
 	 2	 1235	 	 3	 5	 67
 	 2	 1236	 	 3	 5	 68
 	 2	 1237	 	 3	 5	 69
 	 2	 1238	 	 3	 5	 70
 	 2	 1239	 	 3	 5	 71
 	 2	 1240	 	 3	 5	 79
 	 2	 1241	 	 3	 5	 78
 	 2	 1242	 	 3	 5	 77
 	 2	 1243	 	 3	 5	 76
 	 2	 1244	 	 3	 5	 75
 	 2	 1245	 	 3	 5	 74
 	 2	 1246	 	 3	 5	 73
 	 2	 1247	 	 3	 5	 72
 	 2	 1248	 	 3	 2	 63
 	 2	 1249	 	 3	 2	 62
 	 2	 1250	 	 3	 2	 61
 	 2	 1251	 	 3	 2	 60
 	 2	 1252	 	 3	 2	 59
 	 2	 1253	 	 3	 2	 58
 	 2	 1254	 	 3	 2	 57
 	 2	 1255	 	 3	 2	 56
 	 2	 1256	 	 3	 2	 48
 	 2	 1257	 	 3	 2	 49
 	 2	 1258	 	 3	 2	 50
 	 2	 1259	 	 3	 2	 51
 	 2	 1260	 	 3	 2	 52
 	 2	 1261	 	 3	 2	 53
 	 2	 1262	 	 3	 2	 54
 	 2	 1263	 	 3	 2	 55
 	 2	 1264	 	 3	 3	 48
 	 2	 1265	 	 3	 3	 49
 	 2	 1266	 	 3	 3	 50
 	 2	 1267	 	 3	 3	 51
 	 2	 1268	 	 3	 3	 52
 	 2	 1269	 	 3	 3	 53
 	 2	 1270	 	 3	 3	 54
 	 2	 1271	 	 3	 3	 55
 	 2	 1272	 	 3	 3	 63
 	 2	 1273	 	 3	 3	 62
 	 2	 1274	 	 3	 3	 61
 	 2	 1275	 	 3	 3	 60
 	 2	 1276	 	 3	 3	 59
 	 2	 1277	 	 3	 3	 58
 	 2	 1278	 	 3	 3	 57
 	 2	 1279	 	 3	 3	 56
 	 2	 1280	 	 3	 2	 111
 	 2	 1281	 	 3	 2	 110
 	 2	 1282	 	 3	 2	 109
 	 2	 1283	 	 3	 2	 108
 	 2	 1284	 	 3	 2	 107
 	 2	 1285	 	 3	 2	 106
 	 2	 1286	 	 3	 2	 105
 	 2	 1287	 	 3	 2	 104
 	 2	 1288	 	 3	 2	 96
 	 2	 1289	 	 3	 2	 97
 	 2	 1290	 	 3	 2	 98
 	 2	 1291	 	 3	 2	 99
 	 2	 1292	 	 3	 2	 100
 	 2	 1293	 	 3	 2	 101
 	 2	 1294	 	 3	 2	 102
 	 2	 1295	 	 3	 2	 103
 	 2	 1296	 	 3	 3	 96
 	 2	 1297	 	 3	 3	 97
 	 2	 1298	 	 3	 3	 98
 	 2	 1299	 	 3	 3	 99
 	 2	 1300	 	 3	 3	 100
 	 2	 1301	 	 3	 3	 101
 	 2	 1302	 	 3	 3	 102
 	 2	 1303	 	 3	 3	 103
 	 2	 1304	 	 3	 3	 111
 	 2	 1305	 	 3	 3	 110
 	 2	 1306	 	 3	 3	 109
 	 2	 1307	 	 3	 3	 108
 	 2	 1308	 	 3	 3	 107
 	 2	 1309	 	 3	 3	 106
 	 2	 1310	 	 3	 3	 105
 	 2	 1311	 	 3	 3	 104
 	 2	 1312	 	 3	 2	 95
 	 2	 1313	 	 3	 2	 94
 	 2	 1314	 	 3	 2	 93
 	 2	 1315	 	 3	 2	 92
 	 2	 1316	 	 3	 2	 91
 	 2	 1317	 	 3	 2	 90
 	 2	 1318	 	 3	 2	 89
 	 2	 1319	 	 3	 2	 88
 	 2	 1320	 	 3	 2	 80
 	 2	 1321	 	 3	 2	 81
 	 2	 1322	 	 3	 2	 82
 	 2	 1323	 	 3	 2	 83
 	 2	 1324	 	 3	 2	 84
 	 2	 1325	 	 3	 2	 85
 	 2	 1326	 	 3	 2	 86
 	 2	 1327	 	 3	 2	 87
 	 2	 1328	 	 3	 3	 80
 	 2	 1329	 	 3	 3	 81
 	 2	 1330	 	 3	 3	 82
 	 2	 1331	 	 3	 3	 83
 	 2	 1332	 	 3	 3	 84
 	 2	 1333	 	 3	 3	 85
 	 2	 1334	 	 3	 3	 86
 	 2	 1335	 	 3	 3	 87
 	 2	 1336	 	 3	 3	 95
 	 2	 1337	 	 3	 3	 94
 	 2	 1338	 	 3	 3	 93
 	 2	 1339	 	 3	 3	 92
 	 2	 1340	 	 3	 3	 91
 	 2	 1341	 	 3	 3	 90
 	 2	 1342	 	 3	 3	 89
 	 2	 1343	 	 3	 3	 88
 	 2	 1344	 	 3	 2	 79
 	 2	 1345	 	 3	 2	 78
 	 2	 1346	 	 3	 2	 77
 	 2	 1347	 	 3	 2	 76
 	 2	 1348	 	 3	 2	 75
 	 2	 1349	 	 3	 2	 74
 	 2	 1350	 	 3	 2	 73
 	 2	 1351	 	 3	 2	 72
 	 2	 1352	 	 3	 2	 64
 	 2	 1353	 	 3	 2	 65
 	 2	 1354	 	 3	 2	 66
 	 2	 1355	 	 3	 2	 67
 	 2	 1356	 	 3	 2	 68
 	 2	 1357	 	 3	 2	 69
 	 2	 1358	 	 3	 2	 70
 	 2	 1359	 	 3	 2	 71
 	 2	 1360	 	 3	 3	 64
 	 2	 1361	 	 3	 3	 65
 	 2	 1362	 	 3	 3	 66
 	 2	 1363	 	 3	 3	 67
 	 2	 1364	 	 3	 3	 68
 	 2	 1365	 	 3	 3	 69
 	 2	 1366	 	 3	 3	 70
 	 2	 1367	 	 3	 3	 71
 	 2	 1368	 	 3	 3	 79
 	 2	 1369	 	 3	 3	 78
 	 2	 1370	 	 3	 3	 77
 	 2	 1371	 	 3	 3	 76
 	 2	 1372	 	 3	 3	 75
 	 2	 1373	 	 3	 3	 74
 	 2	 1374	 	 3	 3	 73
 	 2	 1375	 	 3	 3	 72
 	 2	 1376	 	 3	 0	 63
 	 2	 1377	 	 3	 0	 62
 	 2	 1378	 	 3	 0	 61
 	 2	 1379	 	 3	 0	 60
 	 2	 1380	 	 3	 0	 59
 	 2	 1381	 	 3	 0	 58
 	 2	 1382	 	 3	 0	 57
 	 2	 1383	 	 3	 0	 56
 	 2	 1384	 	 3	 0	 48
 	 2	 1385	 	 3	 0	 49
 	 2	 1386	 	 3	 0	 50
 	 2	 1387	 	 3	 0	 51
 	 2	 1388	 	 3	 0	 52
 	 2	 1389	 	 3	 0	 53
 	 2	 1390	 	 3	 0	 54
 	 2	 1391	 	 3	 0	 55
 	 2	 1392	 	 3	 1	 48
 	 2	 1393	 	 3	 1	 49
 	 2	 1394	 	 3	 1	 50
 	 2	 1395	 	 3	 1	 51
 	 2	 1396	 	 3	 1	 52
 	 2	 1397	 	 3	 1	 53
 	 2	 1398	 	 3	 1	 54
 	 2	 1399	 	 3	 1	 55
 	 2	 1400	 	 3	 1	 63
 	 2	 1401	 	 3	 1	 62
 	 2	 1402	 	 3	 1	 61
 	 2	 1403	 	 3	 1	 60
 	 2	 1404	 	 3	 1	 59
 	 2	 1405	 	 3	 1	 58
 	 2	 1406	 	 3	 1	 57
 	 2	 1407	 	 3	 1	 56
 	 2	 1408	 	 3	 8	 175
 	 2	 1409	 	 3	 8	 174
 	 2	 1410	 	 3	 8	 173
 	 2	 1411	 	 3	 8	 172
 	 2	 1412	 	 3	 8	 171
 	 2	 1413	 	 3	 8	 170
 	 2	 1414	 	 3	 8	 169
 	 2	 1415	 	 3	 8	 168
 	 2	 1416	 	 3	 8	 160
 	 2	 1417	 	 3	 8	 161
 	 2	 1418	 	 3	 8	 162
 	 2	 1419	 	 3	 8	 163
 	 2	 1420	 	 3	 8	 164
 	 2	 1421	 	 3	 8	 165
 	 2	 1422	 	 3	 8	 166
 	 2	 1423	 	 3	 8	 167
 	 2	 1424	 	 3	 9	 160
 	 2	 1425	 	 3	 9	 161
 	 2	 1426	 	 3	 9	 162
 	 2	 1427	 	 3	 9	 163
 	 2	 1428	 	 3	 9	 164
 	 2	 1429	 	 3	 9	 165
 	 2	 1430	 	 3	 9	 166
 	 2	 1431	 	 3	 9	 167
 	 2	 1432	 	 3	 9	 175
 	 2	 1433	 	 3	 9	 174
 	 2	 1434	 	 3	 9	 173
 	 2	 1435	 	 3	 9	 172
 	 2	 1436	 	 3	 9	 171
 	 2	 1437	 	 3	 9	 170
 	 2	 1438	 	 3	 9	 169
 	 2	 1439	 	 3	 9	 168
 	 2	 1440	 	 3	 0	 111
 	 2	 1441	 	 3	 0	 110
 	 2	 1442	 	 3	 0	 109
 	 2	 1443	 	 3	 0	 108
 	 2	 1444	 	 3	 0	 107
 	 2	 1445	 	 3	 0	 106
 	 2	 1446	 	 3	 0	 105
 	 2	 1447	 	 3	 0	 104
 	 2	 1448	 	 3	 0	 96
 	 2	 1449	 	 3	 0	 97
 	 2	 1450	 	 3	 0	 98
 	 2	 1451	 	 3	 0	 99
 	 2	 1452	 	 3	 0	 100
 	 2	 1453	 	 3	 0	 101
 	 2	 1454	 	 3	 0	 102
 	 2	 1455	 	 3	 0	 103
 	 2	 1456	 	 3	 1	 96
 	 2	 1457	 	 3	 1	 97
 	 2	 1458	 	 3	 1	 98
 	 2	 1459	 	 3	 1	 99
 	 2	 1460	 	 3	 1	 100
 	 2	 1461	 	 3	 1	 101
 	 2	 1462	 	 3	 1	 102
 	 2	 1463	 	 3	 1	 103
 	 2	 1464	 	 3	 1	 111
 	 2	 1465	 	 3	 1	 110
 	 2	 1466	 	 3	 1	 109
 	 2	 1467	 	 3	 1	 108
 	 2	 1468	 	 3	 1	 107
 	 2	 1469	 	 3	 1	 106
 	 2	 1470	 	 3	 1	 105
 	 2	 1471	 	 3	 1	 104
 	 2	 1472	 	 3	 0	 79
 	 2	 1473	 	 3	 0	 78
 	 2	 1474	 	 3	 0	 77
 	 2	 1475	 	 3	 0	 76
 	 2	 1476	 	 3	 0	 75
 	 2	 1477	 	 3	 0	 74
 	 2	 1478	 	 3	 0	 73
 	 2	 1479	 	 3	 0	 72
 	 2	 1480	 	 3	 0	 64
 	 2	 1481	 	 3	 0	 65
 	 2	 1482	 	 3	 0	 66
 	 2	 1483	 	 3	 0	 67
 	 2	 1484	 	 3	 0	 68
 	 2	 1485	 	 3	 0	 69
 	 2	 1486	 	 3	 0	 70
 	 2	 1487	 	 3	 0	 71
 	 2	 1488	 	 3	 1	 64
 	 2	 1489	 	 3	 1	 65
 	 2	 1490	 	 3	 1	 66
 	 2	 1491	 	 3	 1	 67
 	 2	 1492	 	 3	 1	 68
 	 2	 1493	 	 3	 1	 69
 	 2	 1494	 	 3	 1	 70
 	 2	 1495	 	 3	 1	 71
 	 2	 1496	 	 3	 1	 79
 	 2	 1497	 	 3	 1	 78
 	 2	 1498	 	 3	 1	 77
 	 2	 1499	 	 3	 1	 76
 	 2	 1500	 	 3	 1	 75
 	 2	 1501	 	 3	 1	 74
 	 2	 1502	 	 3	 1	 73
 	 2	 1503	 	 3	 1	 72
 	 2	 1504	 	 3	 0	 95
 	 2	 1505	 	 3	 0	 94
 	 2	 1506	 	 3	 0	 93
 	 2	 1507	 	 3	 0	 92
 	 2	 1508	 	 3	 0	 91
 	 2	 1509	 	 3	 0	 90
 	 2	 1510	 	 3	 0	 89
 	 2	 1511	 	 3	 0	 88
 	 2	 1512	 	 3	 0	 80
 	 2	 1513	 	 3	 0	 81
 	 2	 1514	 	 3	 0	 82
 	 2	 1515	 	 3	 0	 83
 	 2	 1516	 	 3	 0	 84
 	 2	 1517	 	 3	 0	 85
 	 2	 1518	 	 3	 0	 86
 	 2	 1519	 	 3	 0	 87
 	 2	 1520	 	 3	 1	 80
 	 2	 1521	 	 3	 1	 81
 	 2	 1522	 	 3	 1	 82
 	 2	 1523	 	 3	 1	 83
 	 2	 1524	 	 3	 1	 84
 	 2	 1525	 	 3	 1	 85
 	 2	 1526	 	 3	 1	 86
 	 2	 1527	 	 3	 1	 87
 	 2	 1528	 	 3	 1	 95
 	 2	 1529	 	 3	 1	 94
 	 2	 1530	 	 3	 1	 93
 	 2	 1531	 	 3	 1	 92
 	 2	 1532	 	 3	 1	 91
 	 2	 1533	 	 3	 1	 90
 	 2	 1534	 	 3	 1	 89
 	 2	 1535	 	 3	 1	 88
 	 2	 2048	 	 3	 18	 191
 	 2	 2049	 	 3	 18	 190
 	 2	 2050	 	 3	 18	 189
 	 2	 2051	 	 3	 18	 188
 	 2	 2052	 	 3	 18	 187
 	 2	 2053	 	 3	 18	 186
 	 2	 2054	 	 3	 18	 185
 	 2	 2055	 	 3	 18	 184
 	 2	 2056	 	 3	 18	 176
 	 2	 2057	 	 3	 18	 177
 	 2	 2058	 	 3	 18	 178
 	 2	 2059	 	 3	 18	 179
 	 2	 2060	 	 3	 18	 180
 	 2	 2061	 	 3	 18	 181
 	 2	 2062	 	 3	 18	 182
 	 2	 2063	 	 3	 18	 183
 	 2	 2064	 	 3	 19	 176
 	 2	 2065	 	 3	 19	 177
 	 2	 2066	 	 3	 19	 178
 	 2	 2067	 	 3	 19	 179
 	 2	 2068	 	 3	 19	 180
 	 2	 2069	 	 3	 19	 181
 	 2	 2070	 	 3	 19	 182
 	 2	 2071	 	 3	 19	 183
 	 2	 2072	 	 3	 19	 191
 	 2	 2073	 	 3	 19	 190
 	 2	 2074	 	 3	 19	 189
 	 2	 2075	 	 3	 19	 188
 	 2	 2076	 	 3	 19	 187
 	 2	 2077	 	 3	 19	 186
 	 2	 2078	 	 3	 19	 185
 	 2	 2079	 	 3	 19	 184
 	 2	 2080	 	 3	 12	 159
 	 2	 2081	 	 3	 12	 158
 	 2	 2082	 	 3	 12	 157
 	 2	 2083	 	 3	 12	 156
 	 2	 2084	 	 3	 12	 155
 	 2	 2085	 	 3	 12	 154
 	 2	 2086	 	 3	 12	 153
 	 2	 2087	 	 3	 12	 152
 	 2	 2088	 	 3	 12	 144
 	 2	 2089	 	 3	 12	 145
 	 2	 2090	 	 3	 12	 146
 	 2	 2091	 	 3	 12	 147
 	 2	 2092	 	 3	 12	 148
 	 2	 2093	 	 3	 12	 149
 	 2	 2094	 	 3	 12	 150
 	 2	 2095	 	 3	 12	 151
 	 2	 2096	 	 3	 13	 144
 	 2	 2097	 	 3	 13	 145
 	 2	 2098	 	 3	 13	 146
 	 2	 2099	 	 3	 13	 147
 	 2	 2100	 	 3	 13	 148
 	 2	 2101	 	 3	 13	 149
 	 2	 2102	 	 3	 13	 150
 	 2	 2103	 	 3	 13	 151
 	 2	 2104	 	 3	 13	 159
 	 2	 2105	 	 3	 13	 158
 	 2	 2106	 	 3	 13	 157
 	 2	 2107	 	 3	 13	 156
 	 2	 2108	 	 3	 13	 155
 	 2	 2109	 	 3	 13	 154
 	 2	 2110	 	 3	 13	 153
 	 2	 2111	 	 3	 13	 152
 	 2	 2112	 	 3	 12	 143
 	 2	 2113	 	 3	 12	 142
 	 2	 2114	 	 3	 12	 141
 	 2	 2115	 	 3	 12	 140
 	 2	 2116	 	 3	 12	 139
 	 2	 2117	 	 3	 12	 138
 	 2	 2118	 	 3	 12	 137
 	 2	 2119	 	 3	 12	 136
 	 2	 2120	 	 3	 12	 128
 	 2	 2121	 	 3	 12	 129
 	 2	 2122	 	 3	 12	 130
 	 2	 2123	 	 3	 12	 131
 	 2	 2124	 	 3	 12	 132
 	 2	 2125	 	 3	 12	 133
 	 2	 2126	 	 3	 12	 134
 	 2	 2127	 	 3	 12	 135
 	 2	 2128	 	 3	 13	 128
 	 2	 2129	 	 3	 13	 129
 	 2	 2130	 	 3	 13	 130
 	 2	 2131	 	 3	 13	 131
 	 2	 2132	 	 3	 13	 132
 	 2	 2133	 	 3	 13	 133
 	 2	 2134	 	 3	 13	 134
 	 2	 2135	 	 3	 13	 135
 	 2	 2136	 	 3	 13	 143
 	 2	 2137	 	 3	 13	 142
 	 2	 2138	 	 3	 13	 141
 	 2	 2139	 	 3	 13	 140
 	 2	 2140	 	 3	 13	 139
 	 2	 2141	 	 3	 13	 138
 	 2	 2142	 	 3	 13	 137
 	 2	 2143	 	 3	 13	 136
 	 2	 2144	 	 3	 14	 143
 	 2	 2145	 	 3	 14	 142
 	 2	 2146	 	 3	 14	 141
 	 2	 2147	 	 3	 14	 140
 	 2	 2148	 	 3	 14	 139
 	 2	 2149	 	 3	 14	 138
 	 2	 2150	 	 3	 14	 137
 	 2	 2151	 	 3	 14	 136
 	 2	 2152	 	 3	 14	 128
 	 2	 2153	 	 3	 14	 129
 	 2	 2154	 	 3	 14	 130
 	 2	 2155	 	 3	 14	 131
 	 2	 2156	 	 3	 14	 132
 	 2	 2157	 	 3	 14	 133
 	 2	 2158	 	 3	 14	 134
 	 2	 2159	 	 3	 14	 135
 	 2	 2160	 	 3	 15	 128
 	 2	 2161	 	 3	 15	 129
 	 2	 2162	 	 3	 15	 130
 	 2	 2163	 	 3	 15	 131
 	 2	 2164	 	 3	 15	 132
 	 2	 2165	 	 3	 15	 133
 	 2	 2166	 	 3	 15	 134
 	 2	 2167	 	 3	 15	 135
 	 2	 2168	 	 3	 15	 143
 	 2	 2169	 	 3	 15	 142
 	 2	 2170	 	 3	 15	 141
 	 2	 2171	 	 3	 15	 140
 	 2	 2172	 	 3	 15	 139
 	 2	 2173	 	 3	 15	 138
 	 2	 2174	 	 3	 15	 137
 	 2	 2175	 	 3	 15	 136
 	 2	 2176	 	 3	 12	 63
 	 2	 2177	 	 3	 12	 62
 	 2	 2178	 	 3	 12	 61
 	 2	 2179	 	 3	 12	 60
 	 2	 2180	 	 3	 12	 59
 	 2	 2181	 	 3	 12	 58
 	 2	 2182	 	 3	 12	 57
 	 2	 2183	 	 3	 12	 56
 	 2	 2184	 	 3	 12	 48
 	 2	 2185	 	 3	 12	 49
 	 2	 2186	 	 3	 12	 50
 	 2	 2187	 	 3	 12	 51
 	 2	 2188	 	 3	 12	 52
 	 2	 2189	 	 3	 12	 53
 	 2	 2190	 	 3	 12	 54
 	 2	 2191	 	 3	 12	 55
 	 2	 2192	 	 3	 13	 48
 	 2	 2193	 	 3	 13	 49
 	 2	 2194	 	 3	 13	 50
 	 2	 2195	 	 3	 13	 51
 	 2	 2196	 	 3	 13	 52
 	 2	 2197	 	 3	 13	 53
 	 2	 2198	 	 3	 13	 54
 	 2	 2199	 	 3	 13	 55
 	 2	 2200	 	 3	 13	 63
 	 2	 2201	 	 3	 13	 62
 	 2	 2202	 	 3	 13	 61
 	 2	 2203	 	 3	 13	 60
 	 2	 2204	 	 3	 13	 59
 	 2	 2205	 	 3	 13	 58
 	 2	 2206	 	 3	 13	 57
 	 2	 2207	 	 3	 13	 56
 	 2	 2208	 	 3	 12	 47
 	 2	 2209	 	 3	 12	 46
 	 2	 2210	 	 3	 12	 45
 	 2	 2211	 	 3	 12	 44
 	 2	 2212	 	 3	 12	 43
 	 2	 2213	 	 3	 12	 42
 	 2	 2214	 	 3	 12	 41
 	 2	 2215	 	 3	 12	 40
 	 2	 2216	 	 3	 12	 32
 	 2	 2217	 	 3	 12	 33
 	 2	 2218	 	 3	 12	 34
 	 2	 2219	 	 3	 12	 35
 	 2	 2220	 	 3	 12	 36
 	 2	 2221	 	 3	 12	 37
 	 2	 2222	 	 3	 12	 38
 	 2	 2223	 	 3	 12	 39
 	 2	 2224	 	 3	 13	 32
 	 2	 2225	 	 3	 13	 33
 	 2	 2226	 	 3	 13	 34
 	 2	 2227	 	 3	 13	 35
 	 2	 2228	 	 3	 13	 36
 	 2	 2229	 	 3	 13	 37
 	 2	 2230	 	 3	 13	 38
 	 2	 2231	 	 3	 13	 39
 	 2	 2232	 	 3	 13	 47
 	 2	 2233	 	 3	 13	 46
 	 2	 2234	 	 3	 13	 45
 	 2	 2235	 	 3	 13	 44
 	 2	 2236	 	 3	 13	 43
 	 2	 2237	 	 3	 13	 42
 	 2	 2238	 	 3	 13	 41
 	 2	 2239	 	 3	 13	 40
 	 2	 2240	 	 3	 10	 31
 	 2	 2241	 	 3	 10	 30
 	 2	 2242	 	 3	 10	 29
 	 2	 2243	 	 3	 10	 28
 	 2	 2244	 	 3	 10	 27
 	 2	 2245	 	 3	 10	 26
 	 2	 2246	 	 3	 10	 25
 	 2	 2247	 	 3	 10	 24
 	 2	 2248	 	 3	 10	 16
 	 2	 2249	 	 3	 10	 17
 	 2	 2250	 	 3	 10	 18
 	 2	 2251	 	 3	 10	 19
 	 2	 2252	 	 3	 10	 20
 	 2	 2253	 	 3	 10	 21
 	 2	 2254	 	 3	 10	 22
 	 2	 2255	 	 3	 10	 23
 	 2	 2256	 	 3	 11	 16
 	 2	 2257	 	 3	 11	 17
 	 2	 2258	 	 3	 11	 18
 	 2	 2259	 	 3	 11	 19
 	 2	 2260	 	 3	 11	 20
 	 2	 2261	 	 3	 11	 21
 	 2	 2262	 	 3	 11	 22
 	 2	 2263	 	 3	 11	 23
 	 2	 2264	 	 3	 11	 31
 	 2	 2265	 	 3	 11	 30
 	 2	 2266	 	 3	 11	 29
 	 2	 2267	 	 3	 11	 28
 	 2	 2268	 	 3	 11	 27
 	 2	 2269	 	 3	 11	 26
 	 2	 2270	 	 3	 11	 25
 	 2	 2271	 	 3	 11	 24
 	 2	 2272	 	 3	 12	 15
 	 2	 2273	 	 3	 12	 14
 	 2	 2274	 	 3	 12	 13
 	 2	 2275	 	 3	 12	 12
 	 2	 2276	 	 3	 12	 11
 	 2	 2277	 	 3	 12	 10
 	 2	 2278	 	 3	 12	 9
 	 2	 2279	 	 3	 12	 8
 	 2	 2280	 	 3	 12	 0
 	 2	 2281	 	 3	 12	 1
 	 2	 2282	 	 3	 12	 2
 	 2	 2283	 	 3	 12	 3
 	 2	 2284	 	 3	 12	 4
 	 2	 2285	 	 3	 12	 5
 	 2	 2286	 	 3	 12	 6
 	 2	 2287	 	 3	 12	 7
 	 2	 2288	 	 3	 13	 0
 	 2	 2289	 	 3	 13	 1
 	 2	 2290	 	 3	 13	 2
 	 2	 2291	 	 3	 13	 3
 	 2	 2292	 	 3	 13	 4
 	 2	 2293	 	 3	 13	 5
 	 2	 2294	 	 3	 13	 6
 	 2	 2295	 	 3	 13	 7
 	 2	 2296	 	 3	 13	 15
 	 2	 2297	 	 3	 13	 14
 	 2	 2298	 	 3	 13	 13
 	 2	 2299	 	 3	 13	 12
 	 2	 2300	 	 3	 13	 11
 	 2	 2301	 	 3	 13	 10
 	 2	 2302	 	 3	 13	 9
 	 2	 2303	 	 3	 13	 8
 	 2	 2304	 	 3	 14	 63
 	 2	 2305	 	 3	 14	 62
 	 2	 2306	 	 3	 14	 61
 	 2	 2307	 	 3	 14	 60
 	 2	 2308	 	 3	 14	 59
 	 2	 2309	 	 3	 14	 58
 	 2	 2310	 	 3	 14	 57
 	 2	 2311	 	 3	 14	 56
 	 2	 2312	 	 3	 14	 48
 	 2	 2313	 	 3	 14	 49
 	 2	 2314	 	 3	 14	 50
 	 2	 2315	 	 3	 14	 51
 	 2	 2316	 	 3	 14	 52
 	 2	 2317	 	 3	 14	 53
 	 2	 2318	 	 3	 14	 54
 	 2	 2319	 	 3	 14	 55
 	 2	 2320	 	 3	 15	 48
 	 2	 2321	 	 3	 15	 49
 	 2	 2322	 	 3	 15	 50
 	 2	 2323	 	 3	 15	 51
 	 2	 2324	 	 3	 15	 52
 	 2	 2325	 	 3	 15	 53
 	 2	 2326	 	 3	 15	 54
 	 2	 2327	 	 3	 15	 55
 	 2	 2328	 	 3	 15	 63
 	 2	 2329	 	 3	 15	 62
 	 2	 2330	 	 3	 15	 61
 	 2	 2331	 	 3	 15	 60
 	 2	 2332	 	 3	 15	 59
 	 2	 2333	 	 3	 15	 58
 	 2	 2334	 	 3	 15	 57
 	 2	 2335	 	 3	 15	 56
 	 2	 2336	 	 3	 14	 47
 	 2	 2337	 	 3	 14	 46
 	 2	 2338	 	 3	 14	 45
 	 2	 2339	 	 3	 14	 44
 	 2	 2340	 	 3	 14	 43
 	 2	 2341	 	 3	 14	 42
 	 2	 2342	 	 3	 14	 41
 	 2	 2343	 	 3	 14	 40
 	 2	 2344	 	 3	 14	 32
 	 2	 2345	 	 3	 14	 33
 	 2	 2346	 	 3	 14	 34
 	 2	 2347	 	 3	 14	 35
 	 2	 2348	 	 3	 14	 36
 	 2	 2349	 	 3	 14	 37
 	 2	 2350	 	 3	 14	 38
 	 2	 2351	 	 3	 14	 39
 	 2	 2352	 	 3	 15	 32
 	 2	 2353	 	 3	 15	 33
 	 2	 2354	 	 3	 15	 34
 	 2	 2355	 	 3	 15	 35
 	 2	 2356	 	 3	 15	 36
 	 2	 2357	 	 3	 15	 37
 	 2	 2358	 	 3	 15	 38
 	 2	 2359	 	 3	 15	 39
 	 2	 2360	 	 3	 15	 47
 	 2	 2361	 	 3	 15	 46
 	 2	 2362	 	 3	 15	 45
 	 2	 2363	 	 3	 15	 44
 	 2	 2364	 	 3	 15	 43
 	 2	 2365	 	 3	 15	 42
 	 2	 2366	 	 3	 15	 41
 	 2	 2367	 	 3	 15	 40
 	 2	 2368	 	 3	 12	 31
 	 2	 2369	 	 3	 12	 30
 	 2	 2370	 	 3	 12	 29
 	 2	 2371	 	 3	 12	 28
 	 2	 2372	 	 3	 12	 27
 	 2	 2373	 	 3	 12	 26
 	 2	 2374	 	 3	 12	 25
 	 2	 2375	 	 3	 12	 24
 	 2	 2376	 	 3	 12	 16
 	 2	 2377	 	 3	 12	 17
 	 2	 2378	 	 3	 12	 18
 	 2	 2379	 	 3	 12	 19
 	 2	 2380	 	 3	 12	 20
 	 2	 2381	 	 3	 12	 21
 	 2	 2382	 	 3	 12	 22
 	 2	 2383	 	 3	 12	 23
 	 2	 2384	 	 3	 13	 16
 	 2	 2385	 	 3	 13	 17
 	 2	 2386	 	 3	 13	 18
 	 2	 2387	 	 3	 13	 19
 	 2	 2388	 	 3	 13	 20
 	 2	 2389	 	 3	 13	 21
 	 2	 2390	 	 3	 13	 22
 	 2	 2391	 	 3	 13	 23
 	 2	 2392	 	 3	 13	 31
 	 2	 2393	 	 3	 13	 30
 	 2	 2394	 	 3	 13	 29
 	 2	 2395	 	 3	 13	 28
 	 2	 2396	 	 3	 13	 27
 	 2	 2397	 	 3	 13	 26
 	 2	 2398	 	 3	 13	 25
 	 2	 2399	 	 3	 13	 24
 	 2	 2400	 	 3	 14	 15
 	 2	 2401	 	 3	 14	 14
 	 2	 2402	 	 3	 14	 13
 	 2	 2403	 	 3	 14	 12
 	 2	 2404	 	 3	 14	 11
 	 2	 2405	 	 3	 14	 10
 	 2	 2406	 	 3	 14	 9
 	 2	 2407	 	 3	 14	 8
 	 2	 2408	 	 3	 14	 0
 	 2	 2409	 	 3	 14	 1
 	 2	 2410	 	 3	 14	 2
 	 2	 2411	 	 3	 14	 3
 	 2	 2412	 	 3	 14	 4
 	 2	 2413	 	 3	 14	 5
 	 2	 2414	 	 3	 14	 6
 	 2	 2415	 	 3	 14	 7
 	 2	 2416	 	 3	 15	 0
 	 2	 2417	 	 3	 15	 1
 	 2	 2418	 	 3	 15	 2
 	 2	 2419	 	 3	 15	 3
 	 2	 2420	 	 3	 15	 4
 	 2	 2421	 	 3	 15	 5
 	 2	 2422	 	 3	 15	 6
 	 2	 2423	 	 3	 15	 7
 	 2	 2424	 	 3	 15	 15
 	 2	 2425	 	 3	 15	 14
 	 2	 2426	 	 3	 15	 13
 	 2	 2427	 	 3	 15	 12
 	 2	 2428	 	 3	 15	 11
 	 2	 2429	 	 3	 15	 10
 	 2	 2430	 	 3	 15	 9
 	 2	 2431	 	 3	 15	 8
 	 2	 2432	 	 3	 14	 175
 	 2	 2433	 	 3	 14	 174
 	 2	 2434	 	 3	 14	 173
 	 2	 2435	 	 3	 14	 172
 	 2	 2436	 	 3	 14	 171
 	 2	 2437	 	 3	 14	 170
 	 2	 2438	 	 3	 14	 169
 	 2	 2439	 	 3	 14	 168
 	 2	 2440	 	 3	 14	 160
 	 2	 2441	 	 3	 14	 161
 	 2	 2442	 	 3	 14	 162
 	 2	 2443	 	 3	 14	 163
 	 2	 2444	 	 3	 14	 164
 	 2	 2445	 	 3	 14	 165
 	 2	 2446	 	 3	 14	 166
 	 2	 2447	 	 3	 14	 167
 	 2	 2448	 	 3	 15	 160
 	 2	 2449	 	 3	 15	 161
 	 2	 2450	 	 3	 15	 162
 	 2	 2451	 	 3	 15	 163
 	 2	 2452	 	 3	 15	 164
 	 2	 2453	 	 3	 15	 165
 	 2	 2454	 	 3	 15	 166
 	 2	 2455	 	 3	 15	 167
 	 2	 2456	 	 3	 15	 175
 	 2	 2457	 	 3	 15	 174
 	 2	 2458	 	 3	 15	 173
 	 2	 2459	 	 3	 15	 172
 	 2	 2460	 	 3	 15	 171
 	 2	 2461	 	 3	 15	 170
 	 2	 2462	 	 3	 15	 169
 	 2	 2463	 	 3	 15	 168
 	 2	 2464	 	 3	 14	 159
 	 2	 2465	 	 3	 14	 158
 	 2	 2466	 	 3	 14	 157
 	 2	 2467	 	 3	 14	 156
 	 2	 2468	 	 3	 14	 155
 	 2	 2469	 	 3	 14	 154
 	 2	 2470	 	 3	 14	 153
 	 2	 2471	 	 3	 14	 152
 	 2	 2472	 	 3	 14	 144
 	 2	 2473	 	 3	 14	 145
 	 2	 2474	 	 3	 14	 146
 	 2	 2475	 	 3	 14	 147
 	 2	 2476	 	 3	 14	 148
 	 2	 2477	 	 3	 14	 149
 	 2	 2478	 	 3	 14	 150
 	 2	 2479	 	 3	 14	 151
 	 2	 2480	 	 3	 15	 144
 	 2	 2481	 	 3	 15	 145
 	 2	 2482	 	 3	 15	 146
 	 2	 2483	 	 3	 15	 147
 	 2	 2484	 	 3	 15	 148
 	 2	 2485	 	 3	 15	 149
 	 2	 2486	 	 3	 15	 150
 	 2	 2487	 	 3	 15	 151
 	 2	 2488	 	 3	 15	 159
 	 2	 2489	 	 3	 15	 158
 	 2	 2490	 	 3	 15	 157
 	 2	 2491	 	 3	 15	 156
 	 2	 2492	 	 3	 15	 155
 	 2	 2493	 	 3	 15	 154
 	 2	 2494	 	 3	 15	 153
 	 2	 2495	 	 3	 15	 152
 	 2	 2496	 	 3	 16	 159
 	 2	 2497	 	 3	 16	 158
 	 2	 2498	 	 3	 16	 157
 	 2	 2499	 	 3	 16	 156
 	 2	 2500	 	 3	 16	 155
 	 2	 2501	 	 3	 16	 154
 	 2	 2502	 	 3	 16	 153
 	 2	 2503	 	 3	 16	 152
 	 2	 2504	 	 3	 16	 144
 	 2	 2505	 	 3	 16	 145
 	 2	 2506	 	 3	 16	 146
 	 2	 2507	 	 3	 16	 147
 	 2	 2508	 	 3	 16	 148
 	 2	 2509	 	 3	 16	 149
 	 2	 2510	 	 3	 16	 150
 	 2	 2511	 	 3	 16	 151
 	 2	 2512	 	 3	 17	 144
 	 2	 2513	 	 3	 17	 145
 	 2	 2514	 	 3	 17	 146
 	 2	 2515	 	 3	 17	 147
 	 2	 2516	 	 3	 17	 148
 	 2	 2517	 	 3	 17	 149
 	 2	 2518	 	 3	 17	 150
 	 2	 2519	 	 3	 17	 151
 	 2	 2520	 	 3	 17	 159
 	 2	 2521	 	 3	 17	 158
 	 2	 2522	 	 3	 17	 157
 	 2	 2523	 	 3	 17	 156
 	 2	 2524	 	 3	 17	 155
 	 2	 2525	 	 3	 17	 154
 	 2	 2526	 	 3	 17	 153
 	 2	 2527	 	 3	 17	 152
 	 2	 2528	 	 3	 16	 143
 	 2	 2529	 	 3	 16	 142
 	 2	 2530	 	 3	 16	 141
 	 2	 2531	 	 3	 16	 140
 	 2	 2532	 	 3	 16	 139
 	 2	 2533	 	 3	 16	 138
 	 2	 2534	 	 3	 16	 137
 	 2	 2535	 	 3	 16	 136
 	 2	 2536	 	 3	 16	 128
 	 2	 2537	 	 3	 16	 129
 	 2	 2538	 	 3	 16	 130
 	 2	 2539	 	 3	 16	 131
 	 2	 2540	 	 3	 16	 132
 	 2	 2541	 	 3	 16	 133
 	 2	 2542	 	 3	 16	 134
 	 2	 2543	 	 3	 16	 135
 	 2	 2544	 	 3	 17	 128
 	 2	 2545	 	 3	 17	 129
 	 2	 2546	 	 3	 17	 130
 	 2	 2547	 	 3	 17	 131
 	 2	 2548	 	 3	 17	 132
 	 2	 2549	 	 3	 17	 133
 	 2	 2550	 	 3	 17	 134
 	 2	 2551	 	 3	 17	 135
 	 2	 2552	 	 3	 17	 143
 	 2	 2553	 	 3	 17	 142
 	 2	 2554	 	 3	 17	 141
 	 2	 2555	 	 3	 17	 140
 	 2	 2556	 	 3	 17	 139
 	 2	 2557	 	 3	 17	 138
 	 2	 2558	 	 3	 17	 137
 	 2	 2559	 	 3	 17	 136
 	 2	 2560	 	 3	 14	 127
 	 2	 2561	 	 3	 14	 126
 	 2	 2562	 	 3	 14	 125
 	 2	 2563	 	 3	 14	 124
 	 2	 2564	 	 3	 14	 123
 	 2	 2565	 	 3	 14	 122
 	 2	 2566	 	 3	 14	 121
 	 2	 2567	 	 3	 14	 120
 	 2	 2568	 	 3	 14	 112
 	 2	 2569	 	 3	 14	 113
 	 2	 2570	 	 3	 14	 114
 	 2	 2571	 	 3	 14	 115
 	 2	 2572	 	 3	 14	 116
 	 2	 2573	 	 3	 14	 117
 	 2	 2574	 	 3	 14	 118
 	 2	 2575	 	 3	 14	 119
 	 2	 2576	 	 3	 15	 112
 	 2	 2577	 	 3	 15	 113
 	 2	 2578	 	 3	 15	 114
 	 2	 2579	 	 3	 15	 115
 	 2	 2580	 	 3	 15	 116
 	 2	 2581	 	 3	 15	 117
 	 2	 2582	 	 3	 15	 118
 	 2	 2583	 	 3	 15	 119
 	 2	 2584	 	 3	 15	 127
 	 2	 2585	 	 3	 15	 126
 	 2	 2586	 	 3	 15	 125
 	 2	 2587	 	 3	 15	 124
 	 2	 2588	 	 3	 15	 123
 	 2	 2589	 	 3	 15	 122
 	 2	 2590	 	 3	 15	 121
 	 2	 2591	 	 3	 15	 120
 	 2	 2592	 	 3	 14	 111
 	 2	 2593	 	 3	 14	 110
 	 2	 2594	 	 3	 14	 109
 	 2	 2595	 	 3	 14	 108
 	 2	 2596	 	 3	 14	 107
 	 2	 2597	 	 3	 14	 106
 	 2	 2598	 	 3	 14	 105
 	 2	 2599	 	 3	 14	 104
 	 2	 2600	 	 3	 14	 96
 	 2	 2601	 	 3	 14	 97
 	 2	 2602	 	 3	 14	 98
 	 2	 2603	 	 3	 14	 99
 	 2	 2604	 	 3	 14	 100
 	 2	 2605	 	 3	 14	 101
 	 2	 2606	 	 3	 14	 102
 	 2	 2607	 	 3	 14	 103
 	 2	 2608	 	 3	 15	 96
 	 2	 2609	 	 3	 15	 97
 	 2	 2610	 	 3	 15	 98
 	 2	 2611	 	 3	 15	 99
 	 2	 2612	 	 3	 15	 100
 	 2	 2613	 	 3	 15	 101
 	 2	 2614	 	 3	 15	 102
 	 2	 2615	 	 3	 15	 103
 	 2	 2616	 	 3	 15	 111
 	 2	 2617	 	 3	 15	 110
 	 2	 2618	 	 3	 15	 109
 	 2	 2619	 	 3	 15	 108
 	 2	 2620	 	 3	 15	 107
 	 2	 2621	 	 3	 15	 106
 	 2	 2622	 	 3	 15	 105
 	 2	 2623	 	 3	 15	 104
 	 2	 2624	 	 3	 14	 95
 	 2	 2625	 	 3	 14	 94
 	 2	 2626	 	 3	 14	 93
 	 2	 2627	 	 3	 14	 92
 	 2	 2628	 	 3	 14	 91
 	 2	 2629	 	 3	 14	 90
 	 2	 2630	 	 3	 14	 89
 	 2	 2631	 	 3	 14	 88
 	 2	 2632	 	 3	 14	 80
 	 2	 2633	 	 3	 14	 81
 	 2	 2634	 	 3	 14	 82
 	 2	 2635	 	 3	 14	 83
 	 2	 2636	 	 3	 14	 84
 	 2	 2637	 	 3	 14	 85
 	 2	 2638	 	 3	 14	 86
 	 2	 2639	 	 3	 14	 87
 	 2	 2640	 	 3	 15	 80
 	 2	 2641	 	 3	 15	 81
 	 2	 2642	 	 3	 15	 82
 	 2	 2643	 	 3	 15	 83
 	 2	 2644	 	 3	 15	 84
 	 2	 2645	 	 3	 15	 85
 	 2	 2646	 	 3	 15	 86
 	 2	 2647	 	 3	 15	 87
 	 2	 2648	 	 3	 15	 95
 	 2	 2649	 	 3	 15	 94
 	 2	 2650	 	 3	 15	 93
 	 2	 2651	 	 3	 15	 92
 	 2	 2652	 	 3	 15	 91
 	 2	 2653	 	 3	 15	 90
 	 2	 2654	 	 3	 15	 89
 	 2	 2655	 	 3	 15	 88
 	 2	 2656	 	 3	 14	 79
 	 2	 2657	 	 3	 14	 78
 	 2	 2658	 	 3	 14	 77
 	 2	 2659	 	 3	 14	 76
 	 2	 2660	 	 3	 14	 75
 	 2	 2661	 	 3	 14	 74
 	 2	 2662	 	 3	 14	 73
 	 2	 2663	 	 3	 14	 72
 	 2	 2664	 	 3	 14	 64
 	 2	 2665	 	 3	 14	 65
 	 2	 2666	 	 3	 14	 66
 	 2	 2667	 	 3	 14	 67
 	 2	 2668	 	 3	 14	 68
 	 2	 2669	 	 3	 14	 69
 	 2	 2670	 	 3	 14	 70
 	 2	 2671	 	 3	 14	 71
 	 2	 2672	 	 3	 15	 64
 	 2	 2673	 	 3	 15	 65
 	 2	 2674	 	 3	 15	 66
 	 2	 2675	 	 3	 15	 67
 	 2	 2676	 	 3	 15	 68
 	 2	 2677	 	 3	 15	 69
 	 2	 2678	 	 3	 15	 70
 	 2	 2679	 	 3	 15	 71
 	 2	 2680	 	 3	 15	 79
 	 2	 2681	 	 3	 15	 78
 	 2	 2682	 	 3	 15	 77
 	 2	 2683	 	 3	 15	 76
 	 2	 2684	 	 3	 15	 75
 	 2	 2685	 	 3	 15	 74
 	 2	 2686	 	 3	 15	 73
 	 2	 2687	 	 3	 15	 72
 	 2	 2688	 	 3	 16	 63
 	 2	 2689	 	 3	 16	 62
 	 2	 2690	 	 3	 16	 61
 	 2	 2691	 	 3	 16	 60
 	 2	 2692	 	 3	 16	 59
 	 2	 2693	 	 3	 16	 58
 	 2	 2694	 	 3	 16	 57
 	 2	 2695	 	 3	 16	 56
 	 2	 2696	 	 3	 16	 48
 	 2	 2697	 	 3	 16	 49
 	 2	 2698	 	 3	 16	 50
 	 2	 2699	 	 3	 16	 51
 	 2	 2700	 	 3	 16	 52
 	 2	 2701	 	 3	 16	 53
 	 2	 2702	 	 3	 16	 54
 	 2	 2703	 	 3	 16	 55
 	 2	 2704	 	 3	 17	 48
 	 2	 2705	 	 3	 17	 49
 	 2	 2706	 	 3	 17	 50
 	 2	 2707	 	 3	 17	 51
 	 2	 2708	 	 3	 17	 52
 	 2	 2709	 	 3	 17	 53
 	 2	 2710	 	 3	 17	 54
 	 2	 2711	 	 3	 17	 55
 	 2	 2712	 	 3	 17	 63
 	 2	 2713	 	 3	 17	 62
 	 2	 2714	 	 3	 17	 61
 	 2	 2715	 	 3	 17	 60
 	 2	 2716	 	 3	 17	 59
 	 2	 2717	 	 3	 17	 58
 	 2	 2718	 	 3	 17	 57
 	 2	 2719	 	 3	 17	 56
 	 2	 2720	 	 3	 16	 47
 	 2	 2721	 	 3	 16	 46
 	 2	 2722	 	 3	 16	 45
 	 2	 2723	 	 3	 16	 44
 	 2	 2724	 	 3	 16	 43
 	 2	 2725	 	 3	 16	 42
 	 2	 2726	 	 3	 16	 41
 	 2	 2727	 	 3	 16	 40
 	 2	 2728	 	 3	 16	 32
 	 2	 2729	 	 3	 16	 33
 	 2	 2730	 	 3	 16	 34
 	 2	 2731	 	 3	 16	 35
 	 2	 2732	 	 3	 16	 36
 	 2	 2733	 	 3	 16	 37
 	 2	 2734	 	 3	 16	 38
 	 2	 2735	 	 3	 16	 39
 	 2	 2736	 	 3	 17	 32
 	 2	 2737	 	 3	 17	 33
 	 2	 2738	 	 3	 17	 34
 	 2	 2739	 	 3	 17	 35
 	 2	 2740	 	 3	 17	 36
 	 2	 2741	 	 3	 17	 37
 	 2	 2742	 	 3	 17	 38
 	 2	 2743	 	 3	 17	 39
 	 2	 2744	 	 3	 17	 47
 	 2	 2745	 	 3	 17	 46
 	 2	 2746	 	 3	 17	 45
 	 2	 2747	 	 3	 17	 44
 	 2	 2748	 	 3	 17	 43
 	 2	 2749	 	 3	 17	 42
 	 2	 2750	 	 3	 17	 41
 	 2	 2751	 	 3	 17	 40
 	 2	 2752	 	 3	 14	 31
 	 2	 2753	 	 3	 14	 30
 	 2	 2754	 	 3	 14	 29
 	 2	 2755	 	 3	 14	 28
 	 2	 2756	 	 3	 14	 27
 	 2	 2757	 	 3	 14	 26
 	 2	 2758	 	 3	 14	 25
 	 2	 2759	 	 3	 14	 24
 	 2	 2760	 	 3	 14	 16
 	 2	 2761	 	 3	 14	 17
 	 2	 2762	 	 3	 14	 18
 	 2	 2763	 	 3	 14	 19
 	 2	 2764	 	 3	 14	 20
 	 2	 2765	 	 3	 14	 21
 	 2	 2766	 	 3	 14	 22
 	 2	 2767	 	 3	 14	 23
 	 2	 2768	 	 3	 15	 16
 	 2	 2769	 	 3	 15	 17
 	 2	 2770	 	 3	 15	 18
 	 2	 2771	 	 3	 15	 19
 	 2	 2772	 	 3	 15	 20
 	 2	 2773	 	 3	 15	 21
 	 2	 2774	 	 3	 15	 22
 	 2	 2775	 	 3	 15	 23
 	 2	 2776	 	 3	 15	 31
 	 2	 2777	 	 3	 15	 30
 	 2	 2778	 	 3	 15	 29
 	 2	 2779	 	 3	 15	 28
 	 2	 2780	 	 3	 15	 27
 	 2	 2781	 	 3	 15	 26
 	 2	 2782	 	 3	 15	 25
 	 2	 2783	 	 3	 15	 24
 	 2	 2784	 	 3	 16	 15
 	 2	 2785	 	 3	 16	 14
 	 2	 2786	 	 3	 16	 13
 	 2	 2787	 	 3	 16	 12
 	 2	 2788	 	 3	 16	 11
 	 2	 2789	 	 3	 16	 10
 	 2	 2790	 	 3	 16	 9
 	 2	 2791	 	 3	 16	 8
 	 2	 2792	 	 3	 16	 0
 	 2	 2793	 	 3	 16	 1
 	 2	 2794	 	 3	 16	 2
 	 2	 2795	 	 3	 16	 3
 	 2	 2796	 	 3	 16	 4
 	 2	 2797	 	 3	 16	 5
 	 2	 2798	 	 3	 16	 6
 	 2	 2799	 	 3	 16	 7
 	 2	 2800	 	 3	 17	 0
 	 2	 2801	 	 3	 17	 1
 	 2	 2802	 	 3	 17	 2
 	 2	 2803	 	 3	 17	 3
 	 2	 2804	 	 3	 17	 4
 	 2	 2805	 	 3	 17	 5
 	 2	 2806	 	 3	 17	 6
 	 2	 2807	 	 3	 17	 7
 	 2	 2808	 	 3	 17	 15
 	 2	 2809	 	 3	 17	 14
 	 2	 2810	 	 3	 17	 13
 	 2	 2811	 	 3	 17	 12
 	 2	 2812	 	 3	 17	 11
 	 2	 2813	 	 3	 17	 10
 	 2	 2814	 	 3	 17	 9
 	 2	 2815	 	 3	 17	 8
 	 2	 2816	 	 3	 16	 175
 	 2	 2817	 	 3	 16	 174
 	 2	 2818	 	 3	 16	 173
 	 2	 2819	 	 3	 16	 172
 	 2	 2820	 	 3	 16	 171
 	 2	 2821	 	 3	 16	 170
 	 2	 2822	 	 3	 16	 169
 	 2	 2823	 	 3	 16	 168
 	 2	 2824	 	 3	 16	 160
 	 2	 2825	 	 3	 16	 161
 	 2	 2826	 	 3	 16	 162
 	 2	 2827	 	 3	 16	 163
 	 2	 2828	 	 3	 16	 164
 	 2	 2829	 	 3	 16	 165
 	 2	 2830	 	 3	 16	 166
 	 2	 2831	 	 3	 16	 167
 	 2	 2832	 	 3	 17	 160
 	 2	 2833	 	 3	 17	 161
 	 2	 2834	 	 3	 17	 162
 	 2	 2835	 	 3	 17	 163
 	 2	 2836	 	 3	 17	 164
 	 2	 2837	 	 3	 17	 165
 	 2	 2838	 	 3	 17	 166
 	 2	 2839	 	 3	 17	 167
 	 2	 2840	 	 3	 17	 175
 	 2	 2841	 	 3	 17	 174
 	 2	 2842	 	 3	 17	 173
 	 2	 2843	 	 3	 17	 172
 	 2	 2844	 	 3	 17	 171
 	 2	 2845	 	 3	 17	 170
 	 2	 2846	 	 3	 17	 169
 	 2	 2847	 	 3	 17	 168
 	 2	 2848	 	 3	 18	 175
 	 2	 2849	 	 3	 18	 174
 	 2	 2850	 	 3	 18	 173
 	 2	 2851	 	 3	 18	 172
 	 2	 2852	 	 3	 18	 171
 	 2	 2853	 	 3	 18	 170
 	 2	 2854	 	 3	 18	 169
 	 2	 2855	 	 3	 18	 168
 	 2	 2856	 	 3	 18	 160
 	 2	 2857	 	 3	 18	 161
 	 2	 2858	 	 3	 18	 162
 	 2	 2859	 	 3	 18	 163
 	 2	 2860	 	 3	 18	 164
 	 2	 2861	 	 3	 18	 165
 	 2	 2862	 	 3	 18	 166
 	 2	 2863	 	 3	 18	 167
 	 2	 2864	 	 3	 19	 160
 	 2	 2865	 	 3	 19	 161
 	 2	 2866	 	 3	 19	 162
 	 2	 2867	 	 3	 19	 163
 	 2	 2868	 	 3	 19	 164
 	 2	 2869	 	 3	 19	 165
 	 2	 2870	 	 3	 19	 166
 	 2	 2871	 	 3	 19	 167
 	 2	 2872	 	 3	 19	 175
 	 2	 2873	 	 3	 19	 174
 	 2	 2874	 	 3	 19	 173
 	 2	 2875	 	 3	 19	 172
 	 2	 2876	 	 3	 19	 171
 	 2	 2877	 	 3	 19	 170
 	 2	 2878	 	 3	 19	 169
 	 2	 2879	 	 3	 19	 168
 	 2	 2880	 	 3	 18	 159
 	 2	 2881	 	 3	 18	 158
 	 2	 2882	 	 3	 18	 157
 	 2	 2883	 	 3	 18	 156
 	 2	 2884	 	 3	 18	 155
 	 2	 2885	 	 3	 18	 154
 	 2	 2886	 	 3	 18	 153
 	 2	 2887	 	 3	 18	 152
 	 2	 2888	 	 3	 18	 144
 	 2	 2889	 	 3	 18	 145
 	 2	 2890	 	 3	 18	 146
 	 2	 2891	 	 3	 18	 147
 	 2	 2892	 	 3	 18	 148
 	 2	 2893	 	 3	 18	 149
 	 2	 2894	 	 3	 18	 150
 	 2	 2895	 	 3	 18	 151
 	 2	 2896	 	 3	 19	 144
 	 2	 2897	 	 3	 19	 145
 	 2	 2898	 	 3	 19	 146
 	 2	 2899	 	 3	 19	 147
 	 2	 2900	 	 3	 19	 148
 	 2	 2901	 	 3	 19	 149
 	 2	 2902	 	 3	 19	 150
 	 2	 2903	 	 3	 19	 151
 	 2	 2904	 	 3	 19	 159
 	 2	 2905	 	 3	 19	 158
 	 2	 2906	 	 3	 19	 157
 	 2	 2907	 	 3	 19	 156
 	 2	 2908	 	 3	 19	 155
 	 2	 2909	 	 3	 19	 154
 	 2	 2910	 	 3	 19	 153
 	 2	 2911	 	 3	 19	 152
 	 2	 2912	 	 3	 18	 143
 	 2	 2913	 	 3	 18	 142
 	 2	 2914	 	 3	 18	 141
 	 2	 2915	 	 3	 18	 140
 	 2	 2916	 	 3	 18	 139
 	 2	 2917	 	 3	 18	 138
 	 2	 2918	 	 3	 18	 137
 	 2	 2919	 	 3	 18	 136
 	 2	 2920	 	 3	 18	 128
 	 2	 2921	 	 3	 18	 129
 	 2	 2922	 	 3	 18	 130
 	 2	 2923	 	 3	 18	 131
 	 2	 2924	 	 3	 18	 132
 	 2	 2925	 	 3	 18	 133
 	 2	 2926	 	 3	 18	 134
 	 2	 2927	 	 3	 18	 135
 	 2	 2928	 	 3	 19	 128
 	 2	 2929	 	 3	 19	 129
 	 2	 2930	 	 3	 19	 130
 	 2	 2931	 	 3	 19	 131
 	 2	 2932	 	 3	 19	 132
 	 2	 2933	 	 3	 19	 133
 	 2	 2934	 	 3	 19	 134
 	 2	 2935	 	 3	 19	 135
 	 2	 2936	 	 3	 19	 143
 	 2	 2937	 	 3	 19	 142
 	 2	 2938	 	 3	 19	 141
 	 2	 2939	 	 3	 19	 140
 	 2	 2940	 	 3	 19	 139
 	 2	 2941	 	 3	 19	 138
 	 2	 2942	 	 3	 19	 137
 	 2	 2943	 	 3	 19	 136
 	 2	 2944	 	 3	 16	 127
 	 2	 2945	 	 3	 16	 126
 	 2	 2946	 	 3	 16	 125
 	 2	 2947	 	 3	 16	 124
 	 2	 2948	 	 3	 16	 123
 	 2	 2949	 	 3	 16	 122
 	 2	 2950	 	 3	 16	 121
 	 2	 2951	 	 3	 16	 120
 	 2	 2952	 	 3	 16	 112
 	 2	 2953	 	 3	 16	 113
 	 2	 2954	 	 3	 16	 114
 	 2	 2955	 	 3	 16	 115
 	 2	 2956	 	 3	 16	 116
 	 2	 2957	 	 3	 16	 117
 	 2	 2958	 	 3	 16	 118
 	 2	 2959	 	 3	 16	 119
 	 2	 2960	 	 3	 17	 112
 	 2	 2961	 	 3	 17	 113
 	 2	 2962	 	 3	 17	 114
 	 2	 2963	 	 3	 17	 115
 	 2	 2964	 	 3	 17	 116
 	 2	 2965	 	 3	 17	 117
 	 2	 2966	 	 3	 17	 118
 	 2	 2967	 	 3	 17	 119
 	 2	 2968	 	 3	 17	 127
 	 2	 2969	 	 3	 17	 126
 	 2	 2970	 	 3	 17	 125
 	 2	 2971	 	 3	 17	 124
 	 2	 2972	 	 3	 17	 123
 	 2	 2973	 	 3	 17	 122
 	 2	 2974	 	 3	 17	 121
 	 2	 2975	 	 3	 17	 120
 	 2	 2976	 	 3	 16	 111
 	 2	 2977	 	 3	 16	 110
 	 2	 2978	 	 3	 16	 109
 	 2	 2979	 	 3	 16	 108
 	 2	 2980	 	 3	 16	 107
 	 2	 2981	 	 3	 16	 106
 	 2	 2982	 	 3	 16	 105
 	 2	 2983	 	 3	 16	 104
 	 2	 2984	 	 3	 16	 96
 	 2	 2985	 	 3	 16	 97
 	 2	 2986	 	 3	 16	 98
 	 2	 2987	 	 3	 16	 99
 	 2	 2988	 	 3	 16	 100
 	 2	 2989	 	 3	 16	 101
 	 2	 2990	 	 3	 16	 102
 	 2	 2991	 	 3	 16	 103
 	 2	 2992	 	 3	 17	 96
 	 2	 2993	 	 3	 17	 97
 	 2	 2994	 	 3	 17	 98
 	 2	 2995	 	 3	 17	 99
 	 2	 2996	 	 3	 17	 100
 	 2	 2997	 	 3	 17	 101
 	 2	 2998	 	 3	 17	 102
 	 2	 2999	 	 3	 17	 103
 	 2	 3000	 	 3	 17	 111
 	 2	 3001	 	 3	 17	 110
 	 2	 3002	 	 3	 17	 109
 	 2	 3003	 	 3	 17	 108
 	 2	 3004	 	 3	 17	 107
 	 2	 3005	 	 3	 17	 106
 	 2	 3006	 	 3	 17	 105
 	 2	 3007	 	 3	 17	 104
 	 2	 3008	 	 3	 16	 95
 	 2	 3009	 	 3	 16	 94
 	 2	 3010	 	 3	 16	 93
 	 2	 3011	 	 3	 16	 92
 	 2	 3012	 	 3	 16	 91
 	 2	 3013	 	 3	 16	 90
 	 2	 3014	 	 3	 16	 89
 	 2	 3015	 	 3	 16	 88
 	 2	 3016	 	 3	 16	 80
 	 2	 3017	 	 3	 16	 81
 	 2	 3018	 	 3	 16	 82
 	 2	 3019	 	 3	 16	 83
 	 2	 3020	 	 3	 16	 84
 	 2	 3021	 	 3	 16	 85
 	 2	 3022	 	 3	 16	 86
 	 2	 3023	 	 3	 16	 87
 	 2	 3024	 	 3	 17	 80
 	 2	 3025	 	 3	 17	 81
 	 2	 3026	 	 3	 17	 82
 	 2	 3027	 	 3	 17	 83
 	 2	 3028	 	 3	 17	 84
 	 2	 3029	 	 3	 17	 85
 	 2	 3030	 	 3	 17	 86
 	 2	 3031	 	 3	 17	 87
 	 2	 3032	 	 3	 17	 95
 	 2	 3033	 	 3	 17	 94
 	 2	 3034	 	 3	 17	 93
 	 2	 3035	 	 3	 17	 92
 	 2	 3036	 	 3	 17	 91
 	 2	 3037	 	 3	 17	 90
 	 2	 3038	 	 3	 17	 89
 	 2	 3039	 	 3	 17	 88
 	 2	 3040	 	 3	 16	 79
 	 2	 3041	 	 3	 16	 78
 	 2	 3042	 	 3	 16	 77
 	 2	 3043	 	 3	 16	 76
 	 2	 3044	 	 3	 16	 75
 	 2	 3045	 	 3	 16	 74
 	 2	 3046	 	 3	 16	 73
 	 2	 3047	 	 3	 16	 72
 	 2	 3048	 	 3	 16	 64
 	 2	 3049	 	 3	 16	 65
 	 2	 3050	 	 3	 16	 66
 	 2	 3051	 	 3	 16	 67
 	 2	 3052	 	 3	 16	 68
 	 2	 3053	 	 3	 16	 69
 	 2	 3054	 	 3	 16	 70
 	 2	 3055	 	 3	 16	 71
 	 2	 3056	 	 3	 17	 64
 	 2	 3057	 	 3	 17	 65
 	 2	 3058	 	 3	 17	 66
 	 2	 3059	 	 3	 17	 67
 	 2	 3060	 	 3	 17	 68
 	 2	 3061	 	 3	 17	 69
 	 2	 3062	 	 3	 17	 70
 	 2	 3063	 	 3	 17	 71
 	 2	 3064	 	 3	 17	 79
 	 2	 3065	 	 3	 17	 78
 	 2	 3066	 	 3	 17	 77
 	 2	 3067	 	 3	 17	 76
 	 2	 3068	 	 3	 17	 75
 	 2	 3069	 	 3	 17	 74
 	 2	 3070	 	 3	 17	 73
 	 2	 3071	 	 3	 17	 72
 	 2	 3072	 	 3	 18	 47
 	 2	 3073	 	 3	 18	 46
 	 2	 3074	 	 3	 18	 45
 	 2	 3075	 	 3	 18	 44
 	 2	 3076	 	 3	 18	 43
 	 2	 3077	 	 3	 18	 42
 	 2	 3078	 	 3	 18	 41
 	 2	 3079	 	 3	 18	 40
 	 2	 3080	 	 3	 18	 32
 	 2	 3081	 	 3	 18	 33
 	 2	 3082	 	 3	 18	 34
 	 2	 3083	 	 3	 18	 35
 	 2	 3084	 	 3	 18	 36
 	 2	 3085	 	 3	 18	 37
 	 2	 3086	 	 3	 18	 38
 	 2	 3087	 	 3	 18	 39
 	 2	 3088	 	 3	 19	 32
 	 2	 3089	 	 3	 19	 33
 	 2	 3090	 	 3	 19	 34
 	 2	 3091	 	 3	 19	 35
 	 2	 3092	 	 3	 19	 36
 	 2	 3093	 	 3	 19	 37
 	 2	 3094	 	 3	 19	 38
 	 2	 3095	 	 3	 19	 39
 	 2	 3096	 	 3	 19	 47
 	 2	 3097	 	 3	 19	 46
 	 2	 3098	 	 3	 19	 45
 	 2	 3099	 	 3	 19	 44
 	 2	 3100	 	 3	 19	 43
 	 2	 3101	 	 3	 19	 42
 	 2	 3102	 	 3	 19	 41
 	 2	 3103	 	 3	 19	 40
 	 2	 3104	 	 3	 16	 31
 	 2	 3105	 	 3	 16	 30
 	 2	 3106	 	 3	 16	 29
 	 2	 3107	 	 3	 16	 28
 	 2	 3108	 	 3	 16	 27
 	 2	 3109	 	 3	 16	 26
 	 2	 3110	 	 3	 16	 25
 	 2	 3111	 	 3	 16	 24
 	 2	 3112	 	 3	 16	 16
 	 2	 3113	 	 3	 16	 17
 	 2	 3114	 	 3	 16	 18
 	 2	 3115	 	 3	 16	 19
 	 2	 3116	 	 3	 16	 20
 	 2	 3117	 	 3	 16	 21
 	 2	 3118	 	 3	 16	 22
 	 2	 3119	 	 3	 16	 23
 	 2	 3120	 	 3	 17	 16
 	 2	 3121	 	 3	 17	 17
 	 2	 3122	 	 3	 17	 18
 	 2	 3123	 	 3	 17	 19
 	 2	 3124	 	 3	 17	 20
 	 2	 3125	 	 3	 17	 21
 	 2	 3126	 	 3	 17	 22
 	 2	 3127	 	 3	 17	 23
 	 2	 3128	 	 3	 17	 31
 	 2	 3129	 	 3	 17	 30
 	 2	 3130	 	 3	 17	 29
 	 2	 3131	 	 3	 17	 28
 	 2	 3132	 	 3	 17	 27
 	 2	 3133	 	 3	 17	 26
 	 2	 3134	 	 3	 17	 25
 	 2	 3135	 	 3	 17	 24
 	 2	 3136	 	 3	 18	 31
 	 2	 3137	 	 3	 18	 30
 	 2	 3138	 	 3	 18	 29
 	 2	 3139	 	 3	 18	 28
 	 2	 3140	 	 3	 18	 27
 	 2	 3141	 	 3	 18	 26
 	 2	 3142	 	 3	 18	 25
 	 2	 3143	 	 3	 18	 24
 	 2	 3144	 	 3	 18	 16
 	 2	 3145	 	 3	 18	 17
 	 2	 3146	 	 3	 18	 18
 	 2	 3147	 	 3	 18	 19
 	 2	 3148	 	 3	 18	 20
 	 2	 3149	 	 3	 18	 21
 	 2	 3150	 	 3	 18	 22
 	 2	 3151	 	 3	 18	 23
 	 2	 3152	 	 3	 19	 16
 	 2	 3153	 	 3	 19	 17
 	 2	 3154	 	 3	 19	 18
 	 2	 3155	 	 3	 19	 19
 	 2	 3156	 	 3	 19	 20
 	 2	 3157	 	 3	 19	 21
 	 2	 3158	 	 3	 19	 22
 	 2	 3159	 	 3	 19	 23
 	 2	 3160	 	 3	 19	 31
 	 2	 3161	 	 3	 19	 30
 	 2	 3162	 	 3	 19	 29
 	 2	 3163	 	 3	 19	 28
 	 2	 3164	 	 3	 19	 27
 	 2	 3165	 	 3	 19	 26
 	 2	 3166	 	 3	 19	 25
 	 2	 3167	 	 3	 19	 24
 	 2	 3168	 	 3	 18	 15
 	 2	 3169	 	 3	 18	 14
 	 2	 3170	 	 3	 18	 13
 	 2	 3171	 	 3	 18	 12
 	 2	 3172	 	 3	 18	 11
 	 2	 3173	 	 3	 18	 10
 	 2	 3174	 	 3	 18	 9
 	 2	 3175	 	 3	 18	 8
 	 2	 3176	 	 3	 18	 0
 	 2	 3177	 	 3	 18	 1
 	 2	 3178	 	 3	 18	 2
 	 2	 3179	 	 3	 18	 3
 	 2	 3180	 	 3	 18	 4
 	 2	 3181	 	 3	 18	 5
 	 2	 3182	 	 3	 18	 6
 	 2	 3183	 	 3	 18	 7
 	 2	 3184	 	 3	 19	 0
 	 2	 3185	 	 3	 19	 1
 	 2	 3186	 	 3	 19	 2
 	 2	 3187	 	 3	 19	 3
 	 2	 3188	 	 3	 19	 4
 	 2	 3189	 	 3	 19	 5
 	 2	 3190	 	 3	 19	 6
 	 2	 3191	 	 3	 19	 7
 	 2	 3192	 	 3	 19	 15
 	 2	 3193	 	 3	 19	 14
 	 2	 3194	 	 3	 19	 13
 	 2	 3195	 	 3	 19	 12
 	 2	 3196	 	 3	 19	 11
 	 2	 3197	 	 3	 19	 10
 	 2	 3198	 	 3	 19	 9
 	 2	 3199	 	 3	 19	 8
 	 2	 3200	 	 3	 18	 127
 	 2	 3201	 	 3	 18	 126
 	 2	 3202	 	 3	 18	 125
 	 2	 3203	 	 3	 18	 124
 	 2	 3204	 	 3	 18	 123
 	 2	 3205	 	 3	 18	 122
 	 2	 3206	 	 3	 18	 121
 	 2	 3207	 	 3	 18	 120
 	 2	 3208	 	 3	 18	 112
 	 2	 3209	 	 3	 18	 113
 	 2	 3210	 	 3	 18	 114
 	 2	 3211	 	 3	 18	 115
 	 2	 3212	 	 3	 18	 116
 	 2	 3213	 	 3	 18	 117
 	 2	 3214	 	 3	 18	 118
 	 2	 3215	 	 3	 18	 119
 	 2	 3216	 	 3	 19	 112
 	 2	 3217	 	 3	 19	 113
 	 2	 3218	 	 3	 19	 114
 	 2	 3219	 	 3	 19	 115
 	 2	 3220	 	 3	 19	 116
 	 2	 3221	 	 3	 19	 117
 	 2	 3222	 	 3	 19	 118
 	 2	 3223	 	 3	 19	 119
 	 2	 3224	 	 3	 19	 127
 	 2	 3225	 	 3	 19	 126
 	 2	 3226	 	 3	 19	 125
 	 2	 3227	 	 3	 19	 124
 	 2	 3228	 	 3	 19	 123
 	 2	 3229	 	 3	 19	 122
 	 2	 3230	 	 3	 19	 121
 	 2	 3231	 	 3	 19	 120
 	 2	 3232	 	 3	 18	 111
 	 2	 3233	 	 3	 18	 110
 	 2	 3234	 	 3	 18	 109
 	 2	 3235	 	 3	 18	 108
 	 2	 3236	 	 3	 18	 107
 	 2	 3237	 	 3	 18	 106
 	 2	 3238	 	 3	 18	 105
 	 2	 3239	 	 3	 18	 104
 	 2	 3240	 	 3	 18	 96
 	 2	 3241	 	 3	 18	 97
 	 2	 3242	 	 3	 18	 98
 	 2	 3243	 	 3	 18	 99
 	 2	 3244	 	 3	 18	 100
 	 2	 3245	 	 3	 18	 101
 	 2	 3246	 	 3	 18	 102
 	 2	 3247	 	 3	 18	 103
 	 2	 3248	 	 3	 19	 96
 	 2	 3249	 	 3	 19	 97
 	 2	 3250	 	 3	 19	 98
 	 2	 3251	 	 3	 19	 99
 	 2	 3252	 	 3	 19	 100
 	 2	 3253	 	 3	 19	 101
 	 2	 3254	 	 3	 19	 102
 	 2	 3255	 	 3	 19	 103
 	 2	 3256	 	 3	 19	 111
 	 2	 3257	 	 3	 19	 110
 	 2	 3258	 	 3	 19	 109
 	 2	 3259	 	 3	 19	 108
 	 2	 3260	 	 3	 19	 107
 	 2	 3261	 	 3	 19	 106
 	 2	 3262	 	 3	 19	 105
 	 2	 3263	 	 3	 19	 104
 	 2	 3264	 	 3	 18	 95
 	 2	 3265	 	 3	 18	 94
 	 2	 3266	 	 3	 18	 93
 	 2	 3267	 	 3	 18	 92
 	 2	 3268	 	 3	 18	 91
 	 2	 3269	 	 3	 18	 90
 	 2	 3270	 	 3	 18	 89
 	 2	 3271	 	 3	 18	 88
 	 2	 3272	 	 3	 18	 80
 	 2	 3273	 	 3	 18	 81
 	 2	 3274	 	 3	 18	 82
 	 2	 3275	 	 3	 18	 83
 	 2	 3276	 	 3	 18	 84
 	 2	 3277	 	 3	 18	 85
 	 2	 3278	 	 3	 18	 86
 	 2	 3279	 	 3	 18	 87
 	 2	 3280	 	 3	 19	 80
 	 2	 3281	 	 3	 19	 81
 	 2	 3282	 	 3	 19	 82
 	 2	 3283	 	 3	 19	 83
 	 2	 3284	 	 3	 19	 84
 	 2	 3285	 	 3	 19	 85
 	 2	 3286	 	 3	 19	 86
 	 2	 3287	 	 3	 19	 87
 	 2	 3288	 	 3	 19	 95
 	 2	 3289	 	 3	 19	 94
 	 2	 3290	 	 3	 19	 93
 	 2	 3291	 	 3	 19	 92
 	 2	 3292	 	 3	 19	 91
 	 2	 3293	 	 3	 19	 90
 	 2	 3294	 	 3	 19	 89
 	 2	 3295	 	 3	 19	 88
 	 2	 3296	 	 3	 18	 79
 	 2	 3297	 	 3	 18	 78
 	 2	 3298	 	 3	 18	 77
 	 2	 3299	 	 3	 18	 76
 	 2	 3300	 	 3	 18	 75
 	 2	 3301	 	 3	 18	 74
 	 2	 3302	 	 3	 18	 73
 	 2	 3303	 	 3	 18	 72
 	 2	 3304	 	 3	 18	 64
 	 2	 3305	 	 3	 18	 65
 	 2	 3306	 	 3	 18	 66
 	 2	 3307	 	 3	 18	 67
 	 2	 3308	 	 3	 18	 68
 	 2	 3309	 	 3	 18	 69
 	 2	 3310	 	 3	 18	 70
 	 2	 3311	 	 3	 18	 71
 	 2	 3312	 	 3	 19	 64
 	 2	 3313	 	 3	 19	 65
 	 2	 3314	 	 3	 19	 66
 	 2	 3315	 	 3	 19	 67
 	 2	 3316	 	 3	 19	 68
 	 2	 3317	 	 3	 19	 69
 	 2	 3318	 	 3	 19	 70
 	 2	 3319	 	 3	 19	 71
 	 2	 3320	 	 3	 19	 79
 	 2	 3321	 	 3	 19	 78
 	 2	 3322	 	 3	 19	 77
 	 2	 3323	 	 3	 19	 76
 	 2	 3324	 	 3	 19	 75
 	 2	 3325	 	 3	 19	 74
 	 2	 3326	 	 3	 19	 73
 	 2	 3327	 	 3	 19	 72
 	 2	 3328	 	 3	 20	 127
 	 2	 3329	 	 3	 20	 126
 	 2	 3330	 	 3	 20	 125
 	 2	 3331	 	 3	 20	 124
 	 2	 3332	 	 3	 20	 123
 	 2	 3333	 	 3	 20	 122
 	 2	 3334	 	 3	 20	 121
 	 2	 3335	 	 3	 20	 120
 	 2	 3336	 	 3	 20	 112
 	 2	 3337	 	 3	 20	 113
 	 2	 3338	 	 3	 20	 114
 	 2	 3339	 	 3	 20	 115
 	 2	 3340	 	 3	 20	 116
 	 2	 3341	 	 3	 20	 117
 	 2	 3342	 	 3	 20	 118
 	 2	 3343	 	 3	 20	 119
 	 2	 3344	 	 3	 21	 112
 	 2	 3345	 	 3	 21	 113
 	 2	 3346	 	 3	 21	 114
 	 2	 3347	 	 3	 21	 115
 	 2	 3348	 	 3	 21	 116
 	 2	 3349	 	 3	 21	 117
 	 2	 3350	 	 3	 21	 118
 	 2	 3351	 	 3	 21	 119
 	 2	 3352	 	 3	 21	 127
 	 2	 3353	 	 3	 21	 126
 	 2	 3354	 	 3	 21	 125
 	 2	 3355	 	 3	 21	 124
 	 2	 3356	 	 3	 21	 123
 	 2	 3357	 	 3	 21	 122
 	 2	 3358	 	 3	 21	 121
 	 2	 3359	 	 3	 21	 120
 	 2	 3360	 	 3	 20	 111
 	 2	 3361	 	 3	 20	 110
 	 2	 3362	 	 3	 20	 109
 	 2	 3363	 	 3	 20	 108
 	 2	 3364	 	 3	 20	 107
 	 2	 3365	 	 3	 20	 106
 	 2	 3366	 	 3	 20	 105
 	 2	 3367	 	 3	 20	 104
 	 2	 3368	 	 3	 20	 96
 	 2	 3369	 	 3	 20	 97
 	 2	 3370	 	 3	 20	 98
 	 2	 3371	 	 3	 20	 99
 	 2	 3372	 	 3	 20	 100
 	 2	 3373	 	 3	 20	 101
 	 2	 3374	 	 3	 20	 102
 	 2	 3375	 	 3	 20	 103
 	 2	 3376	 	 3	 21	 96
 	 2	 3377	 	 3	 21	 97
 	 2	 3378	 	 3	 21	 98
 	 2	 3379	 	 3	 21	 99
 	 2	 3380	 	 3	 21	 100
 	 2	 3381	 	 3	 21	 101
 	 2	 3382	 	 3	 21	 102
 	 2	 3383	 	 3	 21	 103
 	 2	 3384	 	 3	 21	 111
 	 2	 3385	 	 3	 21	 110
 	 2	 3386	 	 3	 21	 109
 	 2	 3387	 	 3	 21	 108
 	 2	 3388	 	 3	 21	 107
 	 2	 3389	 	 3	 21	 106
 	 2	 3390	 	 3	 21	 105
 	 2	 3391	 	 3	 21	 104
 	 2	 3392	 	 3	 20	 95
 	 2	 3393	 	 3	 20	 94
 	 2	 3394	 	 3	 20	 93
 	 2	 3395	 	 3	 20	 92
 	 2	 3396	 	 3	 20	 91
 	 2	 3397	 	 3	 20	 90
 	 2	 3398	 	 3	 20	 89
 	 2	 3399	 	 3	 20	 88
 	 2	 3400	 	 3	 20	 80
 	 2	 3401	 	 3	 20	 81
 	 2	 3402	 	 3	 20	 82
 	 2	 3403	 	 3	 20	 83
 	 2	 3404	 	 3	 20	 84
 	 2	 3405	 	 3	 20	 85
 	 2	 3406	 	 3	 20	 86
 	 2	 3407	 	 3	 20	 87
 	 2	 3408	 	 3	 21	 80
 	 2	 3409	 	 3	 21	 81
 	 2	 3410	 	 3	 21	 82
 	 2	 3411	 	 3	 21	 83
 	 2	 3412	 	 3	 21	 84
 	 2	 3413	 	 3	 21	 85
 	 2	 3414	 	 3	 21	 86
 	 2	 3415	 	 3	 21	 87
 	 2	 3416	 	 3	 21	 95
 	 2	 3417	 	 3	 21	 94
 	 2	 3418	 	 3	 21	 93
 	 2	 3419	 	 3	 21	 92
 	 2	 3420	 	 3	 21	 91
 	 2	 3421	 	 3	 21	 90
 	 2	 3422	 	 3	 21	 89
 	 2	 3423	 	 3	 21	 88
 	 2	 3424	 	 3	 20	 79
 	 2	 3425	 	 3	 20	 78
 	 2	 3426	 	 3	 20	 77
 	 2	 3427	 	 3	 20	 76
 	 2	 3428	 	 3	 20	 75
 	 2	 3429	 	 3	 20	 74
 	 2	 3430	 	 3	 20	 73
 	 2	 3431	 	 3	 20	 72
 	 2	 3432	 	 3	 20	 64
 	 2	 3433	 	 3	 20	 65
 	 2	 3434	 	 3	 20	 66
 	 2	 3435	 	 3	 20	 67
 	 2	 3436	 	 3	 20	 68
 	 2	 3437	 	 3	 20	 69
 	 2	 3438	 	 3	 20	 70
 	 2	 3439	 	 3	 20	 71
 	 2	 3440	 	 3	 21	 64
 	 2	 3441	 	 3	 21	 65
 	 2	 3442	 	 3	 21	 66
 	 2	 3443	 	 3	 21	 67
 	 2	 3444	 	 3	 21	 68
 	 2	 3445	 	 3	 21	 69
 	 2	 3446	 	 3	 21	 70
 	 2	 3447	 	 3	 21	 71
 	 2	 3448	 	 3	 21	 79
 	 2	 3449	 	 3	 21	 78
 	 2	 3450	 	 3	 21	 77
 	 2	 3451	 	 3	 21	 76
 	 2	 3452	 	 3	 21	 75
 	 2	 3453	 	 3	 21	 74
 	 2	 3454	 	 3	 21	 73
 	 2	 3455	 	 3	 21	 72
 	 2	 3456	 	 3	 22	 127
 	 2	 3457	 	 3	 22	 126
 	 2	 3458	 	 3	 22	 125
 	 2	 3459	 	 3	 22	 124
 	 2	 3460	 	 3	 22	 123
 	 2	 3461	 	 3	 22	 122
 	 2	 3462	 	 3	 22	 121
 	 2	 3463	 	 3	 22	 120
 	 2	 3464	 	 3	 22	 112
 	 2	 3465	 	 3	 22	 113
 	 2	 3466	 	 3	 22	 114
 	 2	 3467	 	 3	 22	 115
 	 2	 3468	 	 3	 22	 116
 	 2	 3469	 	 3	 22	 117
 	 2	 3470	 	 3	 22	 118
 	 2	 3471	 	 3	 22	 119
 	 2	 3472	 	 3	 23	 112
 	 2	 3473	 	 3	 23	 113
 	 2	 3474	 	 3	 23	 114
 	 2	 3475	 	 3	 23	 115
 	 2	 3476	 	 3	 23	 116
 	 2	 3477	 	 3	 23	 117
 	 2	 3478	 	 3	 23	 118
 	 2	 3479	 	 3	 23	 119
 	 2	 3480	 	 3	 23	 127
 	 2	 3481	 	 3	 23	 126
 	 2	 3482	 	 3	 23	 125
 	 2	 3483	 	 3	 23	 124
 	 2	 3484	 	 3	 23	 123
 	 2	 3485	 	 3	 23	 122
 	 2	 3486	 	 3	 23	 121
 	 2	 3487	 	 3	 23	 120
 	 2	 3488	 	 3	 22	 111
 	 2	 3489	 	 3	 22	 110
 	 2	 3490	 	 3	 22	 109
 	 2	 3491	 	 3	 22	 108
 	 2	 3492	 	 3	 22	 107
 	 2	 3493	 	 3	 22	 106
 	 2	 3494	 	 3	 22	 105
 	 2	 3495	 	 3	 22	 104
 	 2	 3496	 	 3	 22	 96
 	 2	 3497	 	 3	 22	 97
 	 2	 3498	 	 3	 22	 98
 	 2	 3499	 	 3	 22	 99
 	 2	 3500	 	 3	 22	 100
 	 2	 3501	 	 3	 22	 101
 	 2	 3502	 	 3	 22	 102
 	 2	 3503	 	 3	 22	 103
 	 2	 3504	 	 3	 23	 96
 	 2	 3505	 	 3	 23	 97
 	 2	 3506	 	 3	 23	 98
 	 2	 3507	 	 3	 23	 99
 	 2	 3508	 	 3	 23	 100
 	 2	 3509	 	 3	 23	 101
 	 2	 3510	 	 3	 23	 102
 	 2	 3511	 	 3	 23	 103
 	 2	 3512	 	 3	 23	 111
 	 2	 3513	 	 3	 23	 110
 	 2	 3514	 	 3	 23	 109
 	 2	 3515	 	 3	 23	 108
 	 2	 3516	 	 3	 23	 107
 	 2	 3517	 	 3	 23	 106
 	 2	 3518	 	 3	 23	 105
 	 2	 3519	 	 3	 23	 104
 	 2	 3520	 	 3	 22	 95
 	 2	 3521	 	 3	 22	 94
 	 2	 3522	 	 3	 22	 93
 	 2	 3523	 	 3	 22	 92
 	 2	 3524	 	 3	 22	 91
 	 2	 3525	 	 3	 22	 90
 	 2	 3526	 	 3	 22	 89
 	 2	 3527	 	 3	 22	 88
 	 2	 3528	 	 3	 22	 80
 	 2	 3529	 	 3	 22	 81
 	 2	 3530	 	 3	 22	 82
 	 2	 3531	 	 3	 22	 83
 	 2	 3532	 	 3	 22	 84
 	 2	 3533	 	 3	 22	 85
 	 2	 3534	 	 3	 22	 86
 	 2	 3535	 	 3	 22	 87
 	 2	 3536	 	 3	 23	 80
 	 2	 3537	 	 3	 23	 81
 	 2	 3538	 	 3	 23	 82
 	 2	 3539	 	 3	 23	 83
 	 2	 3540	 	 3	 23	 84
 	 2	 3541	 	 3	 23	 85
 	 2	 3542	 	 3	 23	 86
 	 2	 3543	 	 3	 23	 87
 	 2	 3544	 	 3	 23	 95
 	 2	 3545	 	 3	 23	 94
 	 2	 3546	 	 3	 23	 93
 	 2	 3547	 	 3	 23	 92
 	 2	 3548	 	 3	 23	 91
 	 2	 3549	 	 3	 23	 90
 	 2	 3550	 	 3	 23	 89
 	 2	 3551	 	 3	 23	 88
 	 2	 3552	 	 3	 22	 79
 	 2	 3553	 	 3	 22	 78
 	 2	 3554	 	 3	 22	 77
 	 2	 3555	 	 3	 22	 76
 	 2	 3556	 	 3	 22	 75
 	 2	 3557	 	 3	 22	 74
 	 2	 3558	 	 3	 22	 73
 	 2	 3559	 	 3	 22	 72
 	 2	 3560	 	 3	 22	 64
 	 2	 3561	 	 3	 22	 65
 	 2	 3562	 	 3	 22	 66
 	 2	 3563	 	 3	 22	 67
 	 2	 3564	 	 3	 22	 68
 	 2	 3565	 	 3	 22	 69
 	 2	 3566	 	 3	 22	 70
 	 2	 3567	 	 3	 22	 71
 	 2	 3568	 	 3	 23	 64
 	 2	 3569	 	 3	 23	 65
 	 2	 3570	 	 3	 23	 66
 	 2	 3571	 	 3	 23	 67
 	 2	 3572	 	 3	 23	 68
 	 2	 3573	 	 3	 23	 69
 	 2	 3574	 	 3	 23	 70
 	 2	 3575	 	 3	 23	 71
 	 2	 3576	 	 3	 23	 79
 	 2	 3577	 	 3	 23	 78
 	 2	 3578	 	 3	 23	 77
 	 2	 3579	 	 3	 23	 76
 	 2	 3580	 	 3	 23	 75
 	 2	 3581	 	 3	 23	 74
 	 2	 3582	 	 3	 23	 73
 	 2	 3583	 	 3	 23	 72
 	 2	 3584	 	 3	 24	 127
 	 2	 3585	 	 3	 24	 126
 	 2	 3586	 	 3	 24	 125
 	 2	 3587	 	 3	 24	 124
 	 2	 3588	 	 3	 24	 123
 	 2	 3589	 	 3	 24	 122
 	 2	 3590	 	 3	 24	 121
 	 2	 3591	 	 3	 24	 120
 	 2	 3592	 	 3	 24	 112
 	 2	 3593	 	 3	 24	 113
 	 2	 3594	 	 3	 24	 114
 	 2	 3595	 	 3	 24	 115
 	 2	 3596	 	 3	 24	 116
 	 2	 3597	 	 3	 24	 117
 	 2	 3598	 	 3	 24	 118
 	 2	 3599	 	 3	 24	 119
 	 2	 3600	 	 3	 25	 112
 	 2	 3601	 	 3	 25	 113
 	 2	 3602	 	 3	 25	 114
 	 2	 3603	 	 3	 25	 115
 	 2	 3604	 	 3	 25	 116
 	 2	 3605	 	 3	 25	 117
 	 2	 3606	 	 3	 25	 118
 	 2	 3607	 	 3	 25	 119
 	 2	 3608	 	 3	 25	 127
 	 2	 3609	 	 3	 25	 126
 	 2	 3610	 	 3	 25	 125
 	 2	 3611	 	 3	 25	 124
 	 2	 3612	 	 3	 25	 123
 	 2	 3613	 	 3	 25	 122
 	 2	 3614	 	 3	 25	 121
 	 2	 3615	 	 3	 25	 120
 	 2	 3616	 	 3	 24	 111
 	 2	 3617	 	 3	 24	 110
 	 2	 3618	 	 3	 24	 109
 	 2	 3619	 	 3	 24	 108
 	 2	 3620	 	 3	 24	 107
 	 2	 3621	 	 3	 24	 106
 	 2	 3622	 	 3	 24	 105
 	 2	 3623	 	 3	 24	 104
 	 2	 3624	 	 3	 24	 96
 	 2	 3625	 	 3	 24	 97
 	 2	 3626	 	 3	 24	 98
 	 2	 3627	 	 3	 24	 99
 	 2	 3628	 	 3	 24	 100
 	 2	 3629	 	 3	 24	 101
 	 2	 3630	 	 3	 24	 102
 	 2	 3631	 	 3	 24	 103
 	 2	 3632	 	 3	 25	 96
 	 2	 3633	 	 3	 25	 97
 	 2	 3634	 	 3	 25	 98
 	 2	 3635	 	 3	 25	 99
 	 2	 3636	 	 3	 25	 100
 	 2	 3637	 	 3	 25	 101
 	 2	 3638	 	 3	 25	 102
 	 2	 3639	 	 3	 25	 103
 	 2	 3640	 	 3	 25	 111
 	 2	 3641	 	 3	 25	 110
 	 2	 3642	 	 3	 25	 109
 	 2	 3643	 	 3	 25	 108
 	 2	 3644	 	 3	 25	 107
 	 2	 3645	 	 3	 25	 106
 	 2	 3646	 	 3	 25	 105
 	 2	 3647	 	 3	 25	 104
 	 2	 3648	 	 3	 24	 95
 	 2	 3649	 	 3	 24	 94
 	 2	 3650	 	 3	 24	 93
 	 2	 3651	 	 3	 24	 92
 	 2	 3652	 	 3	 24	 91
 	 2	 3653	 	 3	 24	 90
 	 2	 3654	 	 3	 24	 89
 	 2	 3655	 	 3	 24	 88
 	 2	 3656	 	 3	 24	 80
 	 2	 3657	 	 3	 24	 81
 	 2	 3658	 	 3	 24	 82
 	 2	 3659	 	 3	 24	 83
 	 2	 3660	 	 3	 24	 84
 	 2	 3661	 	 3	 24	 85
 	 2	 3662	 	 3	 24	 86
 	 2	 3663	 	 3	 24	 87
 	 2	 3664	 	 3	 25	 80
 	 2	 3665	 	 3	 25	 81
 	 2	 3666	 	 3	 25	 82
 	 2	 3667	 	 3	 25	 83
 	 2	 3668	 	 3	 25	 84
 	 2	 3669	 	 3	 25	 85
 	 2	 3670	 	 3	 25	 86
 	 2	 3671	 	 3	 25	 87
 	 2	 3672	 	 3	 25	 95
 	 2	 3673	 	 3	 25	 94
 	 2	 3674	 	 3	 25	 93
 	 2	 3675	 	 3	 25	 92
 	 2	 3676	 	 3	 25	 91
 	 2	 3677	 	 3	 25	 90
 	 2	 3678	 	 3	 25	 89
 	 2	 3679	 	 3	 25	 88
 	 2	 3680	 	 3	 24	 79
 	 2	 3681	 	 3	 24	 78
 	 2	 3682	 	 3	 24	 77
 	 2	 3683	 	 3	 24	 76
 	 2	 3684	 	 3	 24	 75
 	 2	 3685	 	 3	 24	 74
 	 2	 3686	 	 3	 24	 73
 	 2	 3687	 	 3	 24	 72
 	 2	 3688	 	 3	 24	 64
 	 2	 3689	 	 3	 24	 65
 	 2	 3690	 	 3	 24	 66
 	 2	 3691	 	 3	 24	 67
 	 2	 3692	 	 3	 24	 68
 	 2	 3693	 	 3	 24	 69
 	 2	 3694	 	 3	 24	 70
 	 2	 3695	 	 3	 24	 71
 	 2	 3696	 	 3	 25	 64
 	 2	 3697	 	 3	 25	 65
 	 2	 3698	 	 3	 25	 66
 	 2	 3699	 	 3	 25	 67
 	 2	 3700	 	 3	 25	 68
 	 2	 3701	 	 3	 25	 69
 	 2	 3702	 	 3	 25	 70
 	 2	 3703	 	 3	 25	 71
 	 2	 3704	 	 3	 25	 79
 	 2	 3705	 	 3	 25	 78
 	 2	 3706	 	 3	 25	 77
 	 2	 3707	 	 3	 25	 76
 	 2	 3708	 	 3	 25	 75
 	 2	 3709	 	 3	 25	 74
 	 2	 3710	 	 3	 25	 73
 	 2	 3711	 	 3	 25	 72
 	 2	 3712	 	 3	 26	 127
 	 2	 3713	 	 3	 26	 126
 	 2	 3714	 	 3	 26	 125
 	 2	 3715	 	 3	 26	 124
 	 2	 3716	 	 3	 26	 123
 	 2	 3717	 	 3	 26	 122
 	 2	 3718	 	 3	 26	 121
 	 2	 3719	 	 3	 26	 120
 	 2	 3720	 	 3	 26	 112
 	 2	 3721	 	 3	 26	 113
 	 2	 3722	 	 3	 26	 114
 	 2	 3723	 	 3	 26	 115
 	 2	 3724	 	 3	 26	 116
 	 2	 3725	 	 3	 26	 117
 	 2	 3726	 	 3	 26	 118
 	 2	 3727	 	 3	 26	 119
 	 2	 3728	 	 3	 27	 112
 	 2	 3729	 	 3	 27	 113
 	 2	 3730	 	 3	 27	 114
 	 2	 3731	 	 3	 27	 115
 	 2	 3732	 	 3	 27	 116
 	 2	 3733	 	 3	 27	 117
 	 2	 3734	 	 3	 27	 118
 	 2	 3735	 	 3	 27	 119
 	 2	 3736	 	 3	 27	 127
 	 2	 3737	 	 3	 27	 126
 	 2	 3738	 	 3	 27	 125
 	 2	 3739	 	 3	 27	 124
 	 2	 3740	 	 3	 27	 123
 	 2	 3741	 	 3	 27	 122
 	 2	 3742	 	 3	 27	 121
 	 2	 3743	 	 3	 27	 120
 	 2	 3744	 	 3	 26	 111
 	 2	 3745	 	 3	 26	 110
 	 2	 3746	 	 3	 26	 109
 	 2	 3747	 	 3	 26	 108
 	 2	 3748	 	 3	 26	 107
 	 2	 3749	 	 3	 26	 106
 	 2	 3750	 	 3	 26	 105
 	 2	 3751	 	 3	 26	 104
 	 2	 3752	 	 3	 26	 96
 	 2	 3753	 	 3	 26	 97
 	 2	 3754	 	 3	 26	 98
 	 2	 3755	 	 3	 26	 99
 	 2	 3756	 	 3	 26	 100
 	 2	 3757	 	 3	 26	 101
 	 2	 3758	 	 3	 26	 102
 	 2	 3759	 	 3	 26	 103
 	 2	 3760	 	 3	 27	 96
 	 2	 3761	 	 3	 27	 97
 	 2	 3762	 	 3	 27	 98
 	 2	 3763	 	 3	 27	 99
 	 2	 3764	 	 3	 27	 100
 	 2	 3765	 	 3	 27	 101
 	 2	 3766	 	 3	 27	 102
 	 2	 3767	 	 3	 27	 103
 	 2	 3768	 	 3	 27	 111
 	 2	 3769	 	 3	 27	 110
 	 2	 3770	 	 3	 27	 109
 	 2	 3771	 	 3	 27	 108
 	 2	 3772	 	 3	 27	 107
 	 2	 3773	 	 3	 27	 106
 	 2	 3774	 	 3	 27	 105
 	 2	 3775	 	 3	 27	 104
 	 2	 3776	 	 3	 26	 95
 	 2	 3777	 	 3	 26	 94
 	 2	 3778	 	 3	 26	 93
 	 2	 3779	 	 3	 26	 92
 	 2	 3780	 	 3	 26	 91
 	 2	 3781	 	 3	 26	 90
 	 2	 3782	 	 3	 26	 89
 	 2	 3783	 	 3	 26	 88
 	 2	 3784	 	 3	 26	 80
 	 2	 3785	 	 3	 26	 81
 	 2	 3786	 	 3	 26	 82
 	 2	 3787	 	 3	 26	 83
 	 2	 3788	 	 3	 26	 84
 	 2	 3789	 	 3	 26	 85
 	 2	 3790	 	 3	 26	 86
 	 2	 3791	 	 3	 26	 87
 	 2	 3792	 	 3	 27	 80
 	 2	 3793	 	 3	 27	 81
 	 2	 3794	 	 3	 27	 82
 	 2	 3795	 	 3	 27	 83
 	 2	 3796	 	 3	 27	 84
 	 2	 3797	 	 3	 27	 85
 	 2	 3798	 	 3	 27	 86
 	 2	 3799	 	 3	 27	 87
 	 2	 3800	 	 3	 27	 95
 	 2	 3801	 	 3	 27	 94
 	 2	 3802	 	 3	 27	 93
 	 2	 3803	 	 3	 27	 92
 	 2	 3804	 	 3	 27	 91
 	 2	 3805	 	 3	 27	 90
 	 2	 3806	 	 3	 27	 89
 	 2	 3807	 	 3	 27	 88
 	 2	 3808	 	 3	 26	 79
 	 2	 3809	 	 3	 26	 78
 	 2	 3810	 	 3	 26	 77
 	 2	 3811	 	 3	 26	 76
 	 2	 3812	 	 3	 26	 75
 	 2	 3813	 	 3	 26	 74
 	 2	 3814	 	 3	 26	 73
 	 2	 3815	 	 3	 26	 72
 	 2	 3816	 	 3	 26	 64
 	 2	 3817	 	 3	 26	 65
 	 2	 3818	 	 3	 26	 66
 	 2	 3819	 	 3	 26	 67
 	 2	 3820	 	 3	 26	 68
 	 2	 3821	 	 3	 26	 69
 	 2	 3822	 	 3	 26	 70
 	 2	 3823	 	 3	 26	 71
 	 2	 3824	 	 3	 27	 64
 	 2	 3825	 	 3	 27	 65
 	 2	 3826	 	 3	 27	 66
 	 2	 3827	 	 3	 27	 67
 	 2	 3828	 	 3	 27	 68
 	 2	 3829	 	 3	 27	 69
 	 2	 3830	 	 3	 27	 70
 	 2	 3831	 	 3	 27	 71
 	 2	 3832	 	 3	 27	 79
 	 2	 3833	 	 3	 27	 78
 	 2	 3834	 	 3	 27	 77
 	 2	 3835	 	 3	 27	 76
 	 2	 3836	 	 3	 27	 75
 	 2	 3837	 	 3	 27	 74
 	 2	 3838	 	 3	 27	 73
 	 2	 3839	 	 3	 27	 72