#/ Mapping list of hardware channel to soft ware channnel 
#/ soft ware channels are asigned by anti-clockwise from surface. 
#/ designed for 3 modules data
#/ bug fixed version at Mar. 07. 
#/ 	 RCU 	 channel 	 module layer 	 pad  
 	 2	 128	 	 1	 26	 47
 	 2	 129	 	 1	 26	 46
 	 2	 130	 	 1	 26	 45
 	 2	 131	 	 1	 26	 44
 	 2	 132	 	 1	 26	 43
 	 2	 133	 	 1	 26	 42
 	 2	 134	 	 1	 26	 41
 	 2	 135	 	 1	 26	 40
 	 2	 136	 	 1	 26	 32
 	 2	 137	 	 1	 26	 33
 	 2	 138	 	 1	 26	 34
 	 2	 139	 	 1	 26	 35
 	 2	 140	 	 1	 26	 36
 	 2	 141	 	 1	 26	 37
 	 2	 142	 	 1	 26	 38
 	 2	 143	 	 1	 26	 39
 	 2	 144	 	 1	 27	 32
 	 2	 145	 	 1	 27	 33
 	 2	 146	 	 1	 27	 34
 	 2	 147	 	 1	 27	 35
 	 2	 148	 	 1	 27	 36
 	 2	 149	 	 1	 27	 37
 	 2	 150	 	 1	 27	 38
 	 2	 151	 	 1	 27	 39
 	 2	 152	 	 1	 27	 47
 	 2	 153	 	 1	 27	 46
 	 2	 154	 	 1	 27	 45
 	 2	 155	 	 1	 27	 44
 	 2	 156	 	 1	 27	 43
 	 2	 157	 	 1	 27	 42
 	 2	 158	 	 1	 27	 41
 	 2	 159	 	 1	 27	 40
 	 2	 160	 	 3	 14	 159
 	 2	 161	 	 3	 14	 158
 	 2	 162	 	 3	 14	 157
 	 2	 163	 	 3	 14	 156
 	 2	 164	 	 3	 14	 155
 	 2	 165	 	 3	 14	 154
 	 2	 166	 	 3	 14	 153
 	 2	 167	 	 3	 14	 152
 	 2	 168	 	 3	 14	 144
 	 2	 169	 	 3	 14	 145
 	 2	 170	 	 3	 14	 146
 	 2	 171	 	 3	 14	 147
 	 2	 172	 	 3	 14	 148
 	 2	 173	 	 3	 14	 149
 	 2	 174	 	 3	 14	 150
 	 2	 175	 	 3	 14	 151
 	 2	 176	 	 3	 15	 144
 	 2	 177	 	 3	 15	 145
 	 2	 178	 	 3	 15	 146
 	 2	 179	 	 3	 15	 147
 	 2	 180	 	 3	 15	 148
 	 2	 181	 	 3	 15	 149
 	 2	 182	 	 3	 15	 150
 	 2	 183	 	 3	 15	 151
 	 2	 184	 	 3	 15	 159
 	 2	 185	 	 3	 15	 158
 	 2	 186	 	 3	 15	 157
 	 2	 187	 	 3	 15	 156
 	 2	 188	 	 3	 15	 155
 	 2	 189	 	 3	 15	 154
 	 2	 190	 	 3	 15	 153
 	 2	 191	 	 3	 15	 152
 	 2	 192	 	 3	 14	 143
 	 2	 193	 	 3	 14	 142
 	 2	 194	 	 3	 14	 141
 	 2	 195	 	 3	 14	 140
 	 2	 196	 	 3	 14	 139
 	 2	 197	 	 3	 14	 138
 	 2	 198	 	 3	 14	 137
 	 2	 199	 	 3	 14	 136
 	 2	 200	 	 3	 14	 128
 	 2	 201	 	 3	 14	 129
 	 2	 202	 	 3	 14	 130
 	 2	 203	 	 3	 14	 131
 	 2	 204	 	 3	 14	 132
 	 2	 205	 	 3	 14	 133
 	 2	 206	 	 3	 14	 134
 	 2	 207	 	 3	 14	 135
 	 2	 208	 	 3	 15	 128
 	 2	 209	 	 3	 15	 129
 	 2	 210	 	 3	 15	 130
 	 2	 211	 	 3	 15	 131
 	 2	 212	 	 3	 15	 132
 	 2	 213	 	 3	 15	 133
 	 2	 214	 	 3	 15	 134
 	 2	 215	 	 3	 15	 135
 	 2	 216	 	 3	 15	 143
 	 2	 217	 	 3	 15	 142
 	 2	 218	 	 3	 15	 141
 	 2	 219	 	 3	 15	 140
 	 2	 220	 	 3	 15	 139
 	 2	 221	 	 3	 15	 138
 	 2	 222	 	 3	 15	 137
 	 2	 223	 	 3	 15	 136
 	 2	 224	 	 3	 16	 143
 	 2	 225	 	 3	 16	 142
 	 2	 226	 	 3	 16	 141
 	 2	 227	 	 3	 16	 140
 	 2	 228	 	 3	 16	 139
 	 2	 229	 	 3	 16	 138
 	 2	 230	 	 3	 16	 137
 	 2	 231	 	 3	 16	 136
 	 2	 232	 	 3	 16	 128
 	 2	 233	 	 3	 16	 129
 	 2	 234	 	 3	 16	 130
 	 2	 235	 	 3	 16	 131
 	 2	 236	 	 3	 16	 132
 	 2	 237	 	 3	 16	 133
 	 2	 238	 	 3	 16	 134
 	 2	 239	 	 3	 16	 135
 	 2	 240	 	 3	 17	 128
 	 2	 241	 	 3	 17	 129
 	 2	 242	 	 3	 17	 130
 	 2	 243	 	 3	 17	 131
 	 2	 244	 	 3	 17	 132
 	 2	 245	 	 3	 17	 133
 	 2	 246	 	 3	 17	 134
 	 2	 247	 	 3	 17	 135
 	 2	 248	 	 3	 17	 143
 	 2	 249	 	 3	 17	 142
 	 2	 250	 	 3	 17	 141
 	 2	 251	 	 3	 17	 140
 	 2	 252	 	 3	 17	 139
 	 2	 253	 	 3	 17	 138
 	 2	 254	 	 3	 17	 137
 	 2	 255	 	 3	 17	 136
 	 2	 256	 	 1	 24	 31
 	 2	 257	 	 1	 24	 30
 	 2	 258	 	 1	 24	 29
 	 2	 259	 	 1	 24	 28
 	 2	 260	 	 1	 24	 27
 	 2	 261	 	 1	 24	 26
 	 2	 262	 	 1	 24	 25
 	 2	 263	 	 1	 24	 24
 	 2	 264	 	 1	 24	 16
 	 2	 265	 	 1	 24	 17
 	 2	 266	 	 1	 24	 18
 	 2	 267	 	 1	 24	 19
 	 2	 268	 	 1	 24	 20
 	 2	 269	 	 1	 24	 21
 	 2	 270	 	 1	 24	 22
 	 2	 271	 	 1	 24	 23
 	 2	 272	 	 1	 25	 16
 	 2	 273	 	 1	 25	 17
 	 2	 274	 	 1	 25	 18
 	 2	 275	 	 1	 25	 19
 	 2	 276	 	 1	 25	 20
 	 2	 277	 	 1	 25	 21
 	 2	 278	 	 1	 25	 22
 	 2	 279	 	 1	 25	 23
 	 2	 280	 	 1	 25	 31
 	 2	 281	 	 1	 25	 30
 	 2	 282	 	 1	 25	 29
 	 2	 283	 	 1	 25	 28
 	 2	 284	 	 1	 25	 27
 	 2	 285	 	 1	 25	 26
 	 2	 286	 	 1	 25	 25
 	 2	 287	 	 1	 25	 24
 	 2	 288	 	 1	 26	 31
 	 2	 289	 	 1	 26	 30
 	 2	 290	 	 1	 26	 29
 	 2	 291	 	 1	 26	 28
 	 2	 292	 	 1	 26	 27
 	 2	 293	 	 1	 26	 26
 	 2	 294	 	 1	 26	 25
 	 2	 295	 	 1	 26	 24
 	 2	 296	 	 1	 26	 16
 	 2	 297	 	 1	 26	 17
 	 2	 298	 	 1	 26	 18
 	 2	 299	 	 1	 26	 19
 	 2	 300	 	 1	 26	 20
 	 2	 301	 	 1	 26	 21
 	 2	 302	 	 1	 26	 22
 	 2	 303	 	 1	 26	 23
 	 2	 304	 	 1	 27	 16
 	 2	 305	 	 1	 27	 17
 	 2	 306	 	 1	 27	 18
 	 2	 307	 	 1	 27	 19
 	 2	 308	 	 1	 27	 20
 	 2	 309	 	 1	 27	 21
 	 2	 310	 	 1	 27	 22
 	 2	 311	 	 1	 27	 23
 	 2	 312	 	 1	 27	 31
 	 2	 313	 	 1	 27	 30
 	 2	 314	 	 1	 27	 29
 	 2	 315	 	 1	 27	 28
 	 2	 316	 	 1	 27	 27
 	 2	 317	 	 1	 27	 26
 	 2	 318	 	 1	 27	 25
 	 2	 319	 	 1	 27	 24
 	 2	 320	 	 1	 24	 15
 	 2	 321	 	 1	 24	 14
 	 2	 322	 	 1	 24	 13
 	 2	 323	 	 1	 24	 12
 	 2	 324	 	 1	 24	 11
 	 2	 325	 	 1	 24	 10
 	 2	 326	 	 1	 24	 9
 	 2	 327	 	 1	 24	 8
 	 2	 328	 	 1	 24	 0
 	 2	 329	 	 1	 24	 1
 	 2	 330	 	 1	 24	 2
 	 2	 331	 	 1	 24	 3
 	 2	 332	 	 1	 24	 4
 	 2	 333	 	 1	 24	 5
 	 2	 334	 	 1	 24	 6
 	 2	 335	 	 1	 24	 7
 	 2	 336	 	 1	 25	 0
 	 2	 337	 	 1	 25	 1
 	 2	 338	 	 1	 25	 2
 	 2	 339	 	 1	 25	 3
 	 2	 340	 	 1	 25	 4
 	 2	 341	 	 1	 25	 5
 	 2	 342	 	 1	 25	 6
 	 2	 343	 	 1	 25	 7
 	 2	 344	 	 1	 25	 15
 	 2	 345	 	 1	 25	 14
 	 2	 346	 	 1	 25	 13
 	 2	 347	 	 1	 25	 12
 	 2	 348	 	 1	 25	 11
 	 2	 349	 	 1	 25	 10
 	 2	 350	 	 1	 25	 9
 	 2	 351	 	 1	 25	 8
 	 2	 352	 	 1	 26	 15
 	 2	 353	 	 1	 26	 14
 	 2	 354	 	 1	 26	 13
 	 2	 355	 	 1	 26	 12
 	 2	 356	 	 1	 26	 11
 	 2	 357	 	 1	 26	 10
 	 2	 358	 	 1	 26	 9
 	 2	 359	 	 1	 26	 8
 	 2	 360	 	 1	 26	 0
 	 2	 361	 	 1	 26	 1
 	 2	 362	 	 1	 26	 2
 	 2	 363	 	 1	 26	 3
 	 2	 364	 	 1	 26	 4
 	 2	 365	 	 1	 26	 5
 	 2	 366	 	 1	 26	 6
 	 2	 367	 	 1	 26	 7
 	 2	 368	 	 1	 27	 0
 	 2	 369	 	 1	 27	 1
 	 2	 370	 	 1	 27	 2
 	 2	 371	 	 1	 27	 3
 	 2	 372	 	 1	 27	 4
 	 2	 373	 	 1	 27	 5
 	 2	 374	 	 1	 27	 6
 	 2	 375	 	 1	 27	 7
 	 2	 376	 	 1	 27	 15
 	 2	 377	 	 1	 27	 14
 	 2	 378	 	 1	 27	 13
 	 2	 379	 	 1	 27	 12
 	 2	 380	 	 1	 27	 11
 	 2	 381	 	 1	 27	 10
 	 2	 382	 	 1	 27	 9
 	 2	 383	 	 1	 27	 8
 	 2	 384	 	 1	 20	 31
 	 2	 385	 	 1	 20	 30
 	 2	 386	 	 1	 20	 29
 	 2	 387	 	 1	 20	 28
 	 2	 388	 	 1	 20	 27
 	 2	 389	 	 1	 20	 26
 	 2	 390	 	 1	 20	 25
 	 2	 391	 	 1	 20	 24
 	 2	 392	 	 1	 20	 16
 	 2	 393	 	 1	 20	 17
 	 2	 394	 	 1	 20	 18
 	 2	 395	 	 1	 20	 19
 	 2	 396	 	 1	 20	 20
 	 2	 397	 	 1	 20	 21
 	 2	 398	 	 1	 20	 22
 	 2	 399	 	 1	 20	 23
 	 2	 400	 	 1	 21	 16
 	 2	 401	 	 1	 21	 17
 	 2	 402	 	 1	 21	 18
 	 2	 403	 	 1	 21	 19
 	 2	 404	 	 1	 21	 20
 	 2	 405	 	 1	 21	 21
 	 2	 406	 	 1	 21	 22
 	 2	 407	 	 1	 21	 23
 	 2	 408	 	 1	 21	 31
 	 2	 409	 	 1	 21	 30
 	 2	 410	 	 1	 21	 29
 	 2	 411	 	 1	 21	 28
 	 2	 412	 	 1	 21	 27
 	 2	 413	 	 1	 21	 26
 	 2	 414	 	 1	 21	 25
 	 2	 415	 	 1	 21	 24
 	 2	 416	 	 1	 22	 31
 	 2	 417	 	 1	 22	 30
 	 2	 418	 	 1	 22	 29
 	 2	 419	 	 1	 22	 28
 	 2	 420	 	 1	 22	 27
 	 2	 421	 	 1	 22	 26
 	 2	 422	 	 1	 22	 25
 	 2	 423	 	 1	 22	 24
 	 2	 424	 	 1	 22	 16
 	 2	 425	 	 1	 22	 17
 	 2	 426	 	 1	 22	 18
 	 2	 427	 	 1	 22	 19
 	 2	 428	 	 1	 22	 20
 	 2	 429	 	 1	 22	 21
 	 2	 430	 	 1	 22	 22
 	 2	 431	 	 1	 22	 23
 	 2	 432	 	 1	 23	 16
 	 2	 433	 	 1	 23	 17
 	 2	 434	 	 1	 23	 18
 	 2	 435	 	 1	 23	 19
 	 2	 436	 	 1	 23	 20
 	 2	 437	 	 1	 23	 21
 	 2	 438	 	 1	 23	 22
 	 2	 439	 	 1	 23	 23
 	 2	 440	 	 1	 23	 31
 	 2	 441	 	 1	 23	 30
 	 2	 442	 	 1	 23	 29
 	 2	 443	 	 1	 23	 28
 	 2	 444	 	 1	 23	 27
 	 2	 445	 	 1	 23	 26
 	 2	 446	 	 1	 23	 25
 	 2	 447	 	 1	 23	 24
 	 2	 448	 	 1	 20	 15
 	 2	 449	 	 1	 20	 14
 	 2	 450	 	 1	 20	 13
 	 2	 451	 	 1	 20	 12
 	 2	 452	 	 1	 20	 11
 	 2	 453	 	 1	 20	 10
 	 2	 454	 	 1	 20	 9
 	 2	 455	 	 1	 20	 8
 	 2	 456	 	 1	 20	 0
 	 2	 457	 	 1	 20	 1
 	 2	 458	 	 1	 20	 2
 	 2	 459	 	 1	 20	 3
 	 2	 460	 	 1	 20	 4
 	 2	 461	 	 1	 20	 5
 	 2	 462	 	 1	 20	 6
 	 2	 463	 	 1	 20	 7
 	 2	 464	 	 1	 21	 0
 	 2	 465	 	 1	 21	 1
 	 2	 466	 	 1	 21	 2
 	 2	 467	 	 1	 21	 3
 	 2	 468	 	 1	 21	 4
 	 2	 469	 	 1	 21	 5
 	 2	 470	 	 1	 21	 6
 	 2	 471	 	 1	 21	 7
 	 2	 472	 	 1	 21	 15
 	 2	 473	 	 1	 21	 14
 	 2	 474	 	 1	 21	 13
 	 2	 475	 	 1	 21	 12
 	 2	 476	 	 1	 21	 11
 	 2	 477	 	 1	 21	 10
 	 2	 478	 	 1	 21	 9
 	 2	 479	 	 1	 21	 8
 	 2	 480	 	 1	 22	 15
 	 2	 481	 	 1	 22	 14
 	 2	 482	 	 1	 22	 13
 	 2	 483	 	 1	 22	 12
 	 2	 484	 	 1	 22	 11
 	 2	 485	 	 1	 22	 10
 	 2	 486	 	 1	 22	 9
 	 2	 487	 	 1	 22	 8
 	 2	 488	 	 1	 22	 0
 	 2	 489	 	 1	 22	 1
 	 2	 490	 	 1	 22	 2
 	 2	 491	 	 1	 22	 3
 	 2	 492	 	 1	 22	 4
 	 2	 493	 	 1	 22	 5
 	 2	 494	 	 1	 22	 6
 	 2	 495	 	 1	 22	 7
 	 2	 496	 	 1	 23	 0
 	 2	 497	 	 1	 23	 1
 	 2	 498	 	 1	 23	 2
 	 2	 499	 	 1	 23	 3
 	 2	 500	 	 1	 23	 4
 	 2	 501	 	 1	 23	 5
 	 2	 502	 	 1	 23	 6
 	 2	 503	 	 1	 23	 7
 	 2	 504	 	 1	 23	 15
 	 2	 505	 	 1	 23	 14
 	 2	 506	 	 1	 23	 13
 	 2	 507	 	 1	 23	 12
 	 2	 508	 	 1	 23	 11
 	 2	 509	 	 1	 23	 10
 	 2	 510	 	 1	 23	 9
 	 2	 511	 	 1	 23	 8
 	 2	 512	 	 1	 22	 47
 	 2	 513	 	 1	 22	 46
 	 2	 514	 	 1	 22	 45
 	 2	 515	 	 1	 22	 44
 	 2	 516	 	 1	 22	 43
 	 2	 517	 	 1	 22	 42
 	 2	 518	 	 1	 22	 41
 	 2	 519	 	 1	 22	 40
 	 2	 520	 	 1	 22	 32
 	 2	 521	 	 1	 22	 33
 	 2	 522	 	 1	 22	 34
 	 2	 523	 	 1	 22	 35
 	 2	 524	 	 1	 22	 36
 	 2	 525	 	 1	 22	 37
 	 2	 526	 	 1	 22	 38
 	 2	 527	 	 1	 22	 39
 	 2	 528	 	 1	 23	 32
 	 2	 529	 	 1	 23	 33
 	 2	 530	 	 1	 23	 34
 	 2	 531	 	 1	 23	 35
 	 2	 532	 	 1	 23	 36
 	 2	 533	 	 1	 23	 37
 	 2	 534	 	 1	 23	 38
 	 2	 535	 	 1	 23	 39
 	 2	 536	 	 1	 23	 47
 	 2	 537	 	 1	 23	 46
 	 2	 538	 	 1	 23	 45
 	 2	 539	 	 1	 23	 44
 	 2	 540	 	 1	 23	 43
 	 2	 541	 	 1	 23	 42
 	 2	 542	 	 1	 23	 41
 	 2	 543	 	 1	 23	 40
 	 2	 544	 	 1	 18	 31
 	 2	 545	 	 1	 18	 30
 	 2	 546	 	 1	 18	 29
 	 2	 547	 	 1	 18	 28
 	 2	 548	 	 1	 18	 27
 	 2	 549	 	 1	 18	 26
 	 2	 550	 	 1	 18	 25
 	 2	 551	 	 1	 18	 24
 	 2	 552	 	 1	 18	 16
 	 2	 553	 	 1	 18	 17
 	 2	 554	 	 1	 18	 18
 	 2	 555	 	 1	 18	 19
 	 2	 556	 	 1	 18	 20
 	 2	 557	 	 1	 18	 21
 	 2	 558	 	 1	 18	 22
 	 2	 559	 	 1	 18	 23
 	 2	 560	 	 1	 19	 16
 	 2	 561	 	 1	 19	 17
 	 2	 562	 	 1	 19	 18
 	 2	 563	 	 1	 19	 19
 	 2	 564	 	 1	 19	 20
 	 2	 565	 	 1	 19	 21
 	 2	 566	 	 1	 19	 22
 	 2	 567	 	 1	 19	 23
 	 2	 568	 	 1	 19	 31
 	 2	 569	 	 1	 19	 30
 	 2	 570	 	 1	 19	 29
 	 2	 571	 	 1	 19	 28
 	 2	 572	 	 1	 19	 27
 	 2	 573	 	 1	 19	 26
 	 2	 574	 	 1	 19	 25
 	 2	 575	 	 1	 19	 24
 	 2	 576	 	 1	 24	 47
 	 2	 577	 	 1	 24	 46
 	 2	 578	 	 1	 24	 45
 	 2	 579	 	 1	 24	 44
 	 2	 580	 	 1	 24	 43
 	 2	 581	 	 1	 24	 42
 	 2	 582	 	 1	 24	 41
 	 2	 583	 	 1	 24	 40
 	 2	 584	 	 1	 24	 32
 	 2	 585	 	 1	 24	 33
 	 2	 586	 	 1	 24	 34
 	 2	 587	 	 1	 24	 35
 	 2	 588	 	 1	 24	 36
 	 2	 589	 	 1	 24	 37
 	 2	 590	 	 1	 24	 38
 	 2	 591	 	 1	 24	 39
 	 2	 592	 	 1	 25	 32
 	 2	 593	 	 1	 25	 33
 	 2	 594	 	 1	 25	 34
 	 2	 595	 	 1	 25	 35
 	 2	 596	 	 1	 25	 36
 	 2	 597	 	 1	 25	 37
 	 2	 598	 	 1	 25	 38
 	 2	 599	 	 1	 25	 39
 	 2	 600	 	 1	 25	 47
 	 2	 601	 	 1	 25	 46
 	 2	 602	 	 1	 25	 45
 	 2	 603	 	 1	 25	 44
 	 2	 604	 	 1	 25	 43
 	 2	 605	 	 1	 25	 42
 	 2	 606	 	 1	 25	 41
 	 2	 607	 	 1	 25	 40
 	 2	 608	 	 1	 18	 15
 	 2	 609	 	 1	 18	 14
 	 2	 610	 	 1	 18	 13
 	 2	 611	 	 1	 18	 12
 	 2	 612	 	 1	 18	 11
 	 2	 613	 	 1	 18	 10
 	 2	 614	 	 1	 18	 9
 	 2	 615	 	 1	 18	 8
 	 2	 616	 	 1	 18	 0
 	 2	 617	 	 1	 18	 1
 	 2	 618	 	 1	 18	 2
 	 2	 619	 	 1	 18	 3
 	 2	 620	 	 1	 18	 4
 	 2	 621	 	 1	 18	 5
 	 2	 622	 	 1	 18	 6
 	 2	 623	 	 1	 18	 7
 	 2	 624	 	 1	 19	 0
 	 2	 625	 	 1	 19	 1
 	 2	 626	 	 1	 19	 2
 	 2	 627	 	 1	 19	 3
 	 2	 628	 	 1	 19	 4
 	 2	 629	 	 1	 19	 5
 	 2	 630	 	 1	 19	 6
 	 2	 631	 	 1	 19	 7
 	 2	 632	 	 1	 19	 15
 	 2	 633	 	 1	 19	 14
 	 2	 634	 	 1	 19	 13
 	 2	 635	 	 1	 19	 12
 	 2	 636	 	 1	 19	 11
 	 2	 637	 	 1	 19	 10
 	 2	 638	 	 1	 19	 9
 	 2	 639	 	 1	 19	 8
 	 2	 640	 	 1	 12	 31
 	 2	 641	 	 1	 12	 30
 	 2	 642	 	 1	 12	 29
 	 2	 643	 	 1	 12	 28
 	 2	 644	 	 1	 12	 27
 	 2	 645	 	 1	 12	 26
 	 2	 646	 	 1	 12	 25
 	 2	 647	 	 1	 12	 24
 	 2	 648	 	 1	 12	 16
 	 2	 649	 	 1	 12	 17
 	 2	 650	 	 1	 12	 18
 	 2	 651	 	 1	 12	 19
 	 2	 652	 	 1	 12	 20
 	 2	 653	 	 1	 12	 21
 	 2	 654	 	 1	 12	 22
 	 2	 655	 	 1	 12	 23
 	 2	 656	 	 1	 13	 16
 	 2	 657	 	 1	 13	 17
 	 2	 658	 	 1	 13	 18
 	 2	 659	 	 1	 13	 19
 	 2	 660	 	 1	 13	 20
 	 2	 661	 	 1	 13	 21
 	 2	 662	 	 1	 13	 22
 	 2	 663	 	 1	 13	 23
 	 2	 664	 	 1	 13	 31
 	 2	 665	 	 1	 13	 30
 	 2	 666	 	 1	 13	 29
 	 2	 667	 	 1	 13	 28
 	 2	 668	 	 1	 13	 27
 	 2	 669	 	 1	 13	 26
 	 2	 670	 	 1	 13	 25
 	 2	 671	 	 1	 13	 24
 	 2	 672	 	 1	 14	 31
 	 2	 673	 	 1	 14	 30
 	 2	 674	 	 1	 14	 29
 	 2	 675	 	 1	 14	 28
 	 2	 676	 	 1	 14	 27
 	 2	 677	 	 1	 14	 26
 	 2	 678	 	 1	 14	 25
 	 2	 679	 	 1	 14	 24
 	 2	 680	 	 1	 14	 16
 	 2	 681	 	 1	 14	 17
 	 2	 682	 	 1	 14	 18
 	 2	 683	 	 1	 14	 19
 	 2	 684	 	 1	 14	 20
 	 2	 685	 	 1	 14	 21
 	 2	 686	 	 1	 14	 22
 	 2	 687	 	 1	 14	 23
 	 2	 688	 	 1	 15	 16
 	 2	 689	 	 1	 15	 17
 	 2	 690	 	 1	 15	 18
 	 2	 691	 	 1	 15	 19
 	 2	 692	 	 1	 15	 20
 	 2	 693	 	 1	 15	 21
 	 2	 694	 	 1	 15	 22
 	 2	 695	 	 1	 15	 23
 	 2	 696	 	 1	 15	 31
 	 2	 697	 	 1	 15	 30
 	 2	 698	 	 1	 15	 29
 	 2	 699	 	 1	 15	 28
 	 2	 700	 	 1	 15	 27
 	 2	 701	 	 1	 15	 26
 	 2	 702	 	 1	 15	 25
 	 2	 703	 	 1	 15	 24
 	 2	 704	 	 1	 14	 15
 	 2	 705	 	 1	 14	 14
 	 2	 706	 	 1	 14	 13
 	 2	 707	 	 1	 14	 12
 	 2	 708	 	 1	 14	 11
 	 2	 709	 	 1	 14	 10
 	 2	 710	 	 1	 14	 9
 	 2	 711	 	 1	 14	 8
 	 2	 712	 	 1	 14	 0
 	 2	 713	 	 1	 14	 1
 	 2	 714	 	 1	 14	 2
 	 2	 715	 	 1	 14	 3
 	 2	 716	 	 1	 14	 4
 	 2	 717	 	 1	 14	 5
 	 2	 718	 	 1	 14	 6
 	 2	 719	 	 1	 14	 7
 	 2	 720	 	 1	 15	 0
 	 2	 721	 	 1	 15	 1
 	 2	 722	 	 1	 15	 2
 	 2	 723	 	 1	 15	 3
 	 2	 724	 	 1	 15	 4
 	 2	 725	 	 1	 15	 5
 	 2	 726	 	 1	 15	 6
 	 2	 727	 	 1	 15	 7
 	 2	 728	 	 1	 15	 15
 	 2	 729	 	 1	 15	 14
 	 2	 730	 	 1	 15	 13
 	 2	 731	 	 1	 15	 12
 	 2	 732	 	 1	 15	 11
 	 2	 733	 	 1	 15	 10
 	 2	 734	 	 1	 15	 9
 	 2	 735	 	 1	 15	 8
 	 2	 736	 	 1	 16	 15
 	 2	 737	 	 1	 16	 14
 	 2	 738	 	 1	 16	 13
 	 2	 739	 	 1	 16	 12
 	 2	 740	 	 1	 16	 11
 	 2	 741	 	 1	 16	 10
 	 2	 742	 	 1	 16	 9
 	 2	 743	 	 1	 16	 8
 	 2	 744	 	 1	 16	 0
 	 2	 745	 	 1	 16	 1
 	 2	 746	 	 1	 16	 2
 	 2	 747	 	 1	 16	 3
 	 2	 748	 	 1	 16	 4
 	 2	 749	 	 1	 16	 5
 	 2	 750	 	 1	 16	 6
 	 2	 751	 	 1	 16	 7
 	 2	 752	 	 1	 17	 0
 	 2	 753	 	 1	 17	 1
 	 2	 754	 	 1	 17	 2
 	 2	 755	 	 1	 17	 3
 	 2	 756	 	 1	 17	 4
 	 2	 757	 	 1	 17	 5
 	 2	 758	 	 1	 17	 6
 	 2	 759	 	 1	 17	 7
 	 2	 760	 	 1	 17	 15
 	 2	 761	 	 1	 17	 14
 	 2	 762	 	 1	 17	 13
 	 2	 763	 	 1	 17	 12
 	 2	 764	 	 1	 17	 11
 	 2	 765	 	 1	 17	 10
 	 2	 766	 	 1	 17	 9
 	 2	 767	 	 1	 17	 8
 	 2	 768	 	 1	 8	 31
 	 2	 769	 	 1	 8	 30
 	 2	 770	 	 1	 8	 29
 	 2	 771	 	 1	 8	 28
 	 2	 772	 	 1	 8	 27
 	 2	 773	 	 1	 8	 26
 	 2	 774	 	 1	 8	 25
 	 2	 775	 	 1	 8	 24
 	 2	 776	 	 1	 8	 16
 	 2	 777	 	 1	 8	 17
 	 2	 778	 	 1	 8	 18
 	 2	 779	 	 1	 8	 19
 	 2	 780	 	 1	 8	 20
 	 2	 781	 	 1	 8	 21
 	 2	 782	 	 1	 8	 22
 	 2	 783	 	 1	 8	 23
 	 2	 784	 	 1	 9	 16
 	 2	 785	 	 1	 9	 17
 	 2	 786	 	 1	 9	 18
 	 2	 787	 	 1	 9	 19
 	 2	 788	 	 1	 9	 20
 	 2	 789	 	 1	 9	 21
 	 2	 790	 	 1	 9	 22
 	 2	 791	 	 1	 9	 23
 	 2	 792	 	 1	 9	 31
 	 2	 793	 	 1	 9	 30
 	 2	 794	 	 1	 9	 29
 	 2	 795	 	 1	 9	 28
 	 2	 796	 	 1	 9	 27
 	 2	 797	 	 1	 9	 26
 	 2	 798	 	 1	 9	 25
 	 2	 799	 	 1	 9	 24
 	 2	 800	 	 1	 10	 31
 	 2	 801	 	 1	 10	 30
 	 2	 802	 	 1	 10	 29
 	 2	 803	 	 1	 10	 28
 	 2	 804	 	 1	 10	 27
 	 2	 805	 	 1	 10	 26
 	 2	 806	 	 1	 10	 25
 	 2	 807	 	 1	 10	 24
 	 2	 808	 	 1	 10	 16
 	 2	 809	 	 1	 10	 17
 	 2	 810	 	 1	 10	 18
 	 2	 811	 	 1	 10	 19
 	 2	 812	 	 1	 10	 20
 	 2	 813	 	 1	 10	 21
 	 2	 814	 	 1	 10	 22
 	 2	 815	 	 1	 10	 23
 	 2	 816	 	 1	 11	 16
 	 2	 817	 	 1	 11	 17
 	 2	 818	 	 1	 11	 18
 	 2	 819	 	 1	 11	 19
 	 2	 820	 	 1	 11	 20
 	 2	 821	 	 1	 11	 21
 	 2	 822	 	 1	 11	 22
 	 2	 823	 	 1	 11	 23
 	 2	 824	 	 1	 11	 31
 	 2	 825	 	 1	 11	 30
 	 2	 826	 	 1	 11	 29
 	 2	 827	 	 1	 11	 28
 	 2	 828	 	 1	 11	 27
 	 2	 829	 	 1	 11	 26
 	 2	 830	 	 1	 11	 25
 	 2	 831	 	 1	 11	 24
 	 2	 832	 	 1	 8	 15
 	 2	 833	 	 1	 8	 14
 	 2	 834	 	 1	 8	 13
 	 2	 835	 	 1	 8	 12
 	 2	 836	 	 1	 8	 11
 	 2	 837	 	 1	 8	 10
 	 2	 838	 	 1	 8	 9
 	 2	 839	 	 1	 8	 8
 	 2	 840	 	 1	 8	 0
 	 2	 841	 	 1	 8	 1
 	 2	 842	 	 1	 8	 2
 	 2	 843	 	 1	 8	 3
 	 2	 844	 	 1	 8	 4
 	 2	 845	 	 1	 8	 5
 	 2	 846	 	 1	 8	 6
 	 2	 847	 	 1	 8	 7
 	 2	 848	 	 1	 9	 0
 	 2	 849	 	 1	 9	 1
 	 2	 850	 	 1	 9	 2
 	 2	 851	 	 1	 9	 3
 	 2	 852	 	 1	 9	 4
 	 2	 853	 	 1	 9	 5
 	 2	 854	 	 1	 9	 6
 	 2	 855	 	 1	 9	 7
 	 2	 856	 	 1	 9	 15
 	 2	 857	 	 1	 9	 14
 	 2	 858	 	 1	 9	 13
 	 2	 859	 	 1	 9	 12
 	 2	 860	 	 1	 9	 11
 	 2	 861	 	 1	 9	 10
 	 2	 862	 	 1	 9	 9
 	 2	 863	 	 1	 9	 8
 	 2	 864	 	 1	 10	 15
 	 2	 865	 	 1	 10	 14
 	 2	 866	 	 1	 10	 13
 	 2	 867	 	 1	 10	 12
 	 2	 868	 	 1	 10	 11
 	 2	 869	 	 1	 10	 10
 	 2	 870	 	 1	 10	 9
 	 2	 871	 	 1	 10	 8
 	 2	 872	 	 1	 10	 0
 	 2	 873	 	 1	 10	 1
 	 2	 874	 	 1	 10	 2
 	 2	 875	 	 1	 10	 3
 	 2	 876	 	 1	 10	 4
 	 2	 877	 	 1	 10	 5
 	 2	 878	 	 1	 10	 6
 	 2	 879	 	 1	 10	 7
 	 2	 880	 	 1	 11	 0
 	 2	 881	 	 1	 11	 1
 	 2	 882	 	 1	 11	 2
 	 2	 883	 	 1	 11	 3
 	 2	 884	 	 1	 11	 4
 	 2	 885	 	 1	 11	 5
 	 2	 886	 	 1	 11	 6
 	 2	 887	 	 1	 11	 7
 	 2	 888	 	 1	 11	 15
 	 2	 889	 	 1	 11	 14
 	 2	 890	 	 1	 11	 13
 	 2	 891	 	 1	 11	 12
 	 2	 892	 	 1	 11	 11
 	 2	 893	 	 1	 11	 10
 	 2	 894	 	 1	 11	 9
 	 2	 895	 	 1	 11	 8
 	 2	 896	 	 1	 4	 31
 	 2	 897	 	 1	 4	 30
 	 2	 898	 	 1	 4	 29
 	 2	 899	 	 1	 4	 28
 	 2	 900	 	 1	 4	 27
 	 2	 901	 	 1	 4	 26
 	 2	 902	 	 1	 4	 25
 	 2	 903	 	 1	 4	 24
 	 2	 904	 	 1	 4	 16
 	 2	 905	 	 1	 4	 17
 	 2	 906	 	 1	 4	 18
 	 2	 907	 	 1	 4	 19
 	 2	 908	 	 1	 4	 20
 	 2	 909	 	 1	 4	 21
 	 2	 910	 	 1	 4	 22
 	 2	 911	 	 1	 4	 23
 	 2	 912	 	 1	 5	 16
 	 2	 913	 	 1	 5	 17
 	 2	 914	 	 1	 5	 18
 	 2	 915	 	 1	 5	 19
 	 2	 916	 	 1	 5	 20
 	 2	 917	 	 1	 5	 21
 	 2	 918	 	 1	 5	 22
 	 2	 919	 	 1	 5	 23
 	 2	 920	 	 1	 5	 31
 	 2	 921	 	 1	 5	 30
 	 2	 922	 	 1	 5	 29
 	 2	 923	 	 1	 5	 28
 	 2	 924	 	 1	 5	 27
 	 2	 925	 	 1	 5	 26
 	 2	 926	 	 1	 5	 25
 	 2	 927	 	 1	 5	 24
 	 2	 928	 	 1	 6	 31
 	 2	 929	 	 1	 6	 30
 	 2	 930	 	 1	 6	 29
 	 2	 931	 	 1	 6	 28
 	 2	 932	 	 1	 6	 27
 	 2	 933	 	 1	 6	 26
 	 2	 934	 	 1	 6	 25
 	 2	 935	 	 1	 6	 24
 	 2	 936	 	 1	 6	 16
 	 2	 937	 	 1	 6	 17
 	 2	 938	 	 1	 6	 18
 	 2	 939	 	 1	 6	 19
 	 2	 940	 	 1	 6	 20
 	 2	 941	 	 1	 6	 21
 	 2	 942	 	 1	 6	 22
 	 2	 943	 	 1	 6	 23
 	 2	 944	 	 1	 7	 16
 	 2	 945	 	 1	 7	 17
 	 2	 946	 	 1	 7	 18
 	 2	 947	 	 1	 7	 19
 	 2	 948	 	 1	 7	 20
 	 2	 949	 	 1	 7	 21
 	 2	 950	 	 1	 7	 22
 	 2	 951	 	 1	 7	 23
 	 2	 952	 	 1	 7	 31
 	 2	 953	 	 1	 7	 30
 	 2	 954	 	 1	 7	 29
 	 2	 955	 	 1	 7	 28
 	 2	 956	 	 1	 7	 27
 	 2	 957	 	 1	 7	 26
 	 2	 958	 	 1	 7	 25
 	 2	 959	 	 1	 7	 24
 	 2	 960	 	 1	 4	 15
 	 2	 961	 	 1	 4	 14
 	 2	 962	 	 1	 4	 13
 	 2	 963	 	 1	 4	 12
 	 2	 964	 	 1	 4	 11
 	 2	 965	 	 1	 4	 10
 	 2	 966	 	 1	 4	 9
 	 2	 967	 	 1	 4	 8
 	 2	 968	 	 1	 4	 0
 	 2	 969	 	 1	 4	 1
 	 2	 970	 	 1	 4	 2
 	 2	 971	 	 1	 4	 3
 	 2	 972	 	 1	 4	 4
 	 2	 973	 	 1	 4	 5
 	 2	 974	 	 1	 4	 6
 	 2	 975	 	 1	 4	 7
 	 2	 976	 	 1	 5	 0
 	 2	 977	 	 1	 5	 1
 	 2	 978	 	 1	 5	 2
 	 2	 979	 	 1	 5	 3
 	 2	 980	 	 1	 5	 4
 	 2	 981	 	 1	 5	 5
 	 2	 982	 	 1	 5	 6
 	 2	 983	 	 1	 5	 7
 	 2	 984	 	 1	 5	 15
 	 2	 985	 	 1	 5	 14
 	 2	 986	 	 1	 5	 13
 	 2	 987	 	 1	 5	 12
 	 2	 988	 	 1	 5	 11
 	 2	 989	 	 1	 5	 10
 	 2	 990	 	 1	 5	 9
 	 2	 991	 	 1	 5	 8
 	 2	 992	 	 1	 6	 15
 	 2	 993	 	 1	 6	 14
 	 2	 994	 	 1	 6	 13
 	 2	 995	 	 1	 6	 12
 	 2	 996	 	 1	 6	 11
 	 2	 997	 	 1	 6	 10
 	 2	 998	 	 1	 6	 9
 	 2	 999	 	 1	 6	 8
 	 2	 1000	 	 1	 6	 0
 	 2	 1001	 	 1	 6	 1
 	 2	 1002	 	 1	 6	 2
 	 2	 1003	 	 1	 6	 3
 	 2	 1004	 	 1	 6	 4
 	 2	 1005	 	 1	 6	 5
 	 2	 1006	 	 1	 6	 6
 	 2	 1007	 	 1	 6	 7
 	 2	 1008	 	 1	 7	 0
 	 2	 1009	 	 1	 7	 1
 	 2	 1010	 	 1	 7	 2
 	 2	 1011	 	 1	 7	 3
 	 2	 1012	 	 1	 7	 4
 	 2	 1013	 	 1	 7	 5
 	 2	 1014	 	 1	 7	 6
 	 2	 1015	 	 1	 7	 7
 	 2	 1016	 	 1	 7	 15
 	 2	 1017	 	 1	 7	 14
 	 2	 1018	 	 1	 7	 13
 	 2	 1019	 	 1	 7	 12
 	 2	 1020	 	 1	 7	 11
 	 2	 1021	 	 1	 7	 10
 	 2	 1022	 	 1	 7	 9
 	 2	 1023	 	 1	 7	 8
 	 2	 1024	 	 1	 0	 31
 	 2	 1025	 	 1	 0	 30
 	 2	 1026	 	 1	 0	 29
 	 2	 1027	 	 1	 0	 28
 	 2	 1028	 	 1	 0	 27
 	 2	 1029	 	 1	 0	 26
 	 2	 1030	 	 1	 0	 25
 	 2	 1031	 	 1	 0	 24
 	 2	 1032	 	 1	 0	 16
 	 2	 1033	 	 1	 0	 17
 	 2	 1034	 	 1	 0	 18
 	 2	 1035	 	 1	 0	 19
 	 2	 1036	 	 1	 0	 20
 	 2	 1037	 	 1	 0	 21
 	 2	 1038	 	 1	 0	 22
 	 2	 1039	 	 1	 0	 23
 	 2	 1040	 	 1	 1	 16
 	 2	 1041	 	 1	 1	 17
 	 2	 1042	 	 1	 1	 18
 	 2	 1043	 	 1	 1	 19
 	 2	 1044	 	 1	 1	 20
 	 2	 1045	 	 1	 1	 21
 	 2	 1046	 	 1	 1	 22
 	 2	 1047	 	 1	 1	 23
 	 2	 1048	 	 1	 1	 31
 	 2	 1049	 	 1	 1	 30
 	 2	 1050	 	 1	 1	 29
 	 2	 1051	 	 1	 1	 28
 	 2	 1052	 	 1	 1	 27
 	 2	 1053	 	 1	 1	 26
 	 2	 1054	 	 1	 1	 25
 	 2	 1055	 	 1	 1	 24
 	 2	 1056	 	 1	 2	 31
 	 2	 1057	 	 1	 2	 30
 	 2	 1058	 	 1	 2	 29
 	 2	 1059	 	 1	 2	 28
 	 2	 1060	 	 1	 2	 27
 	 2	 1061	 	 1	 2	 26
 	 2	 1062	 	 1	 2	 25
 	 2	 1063	 	 1	 2	 24
 	 2	 1064	 	 1	 2	 16
 	 2	 1065	 	 1	 2	 17
 	 2	 1066	 	 1	 2	 18
 	 2	 1067	 	 1	 2	 19
 	 2	 1068	 	 1	 2	 20
 	 2	 1069	 	 1	 2	 21
 	 2	 1070	 	 1	 2	 22
 	 2	 1071	 	 1	 2	 23
 	 2	 1072	 	 1	 3	 16
 	 2	 1073	 	 1	 3	 17
 	 2	 1074	 	 1	 3	 18
 	 2	 1075	 	 1	 3	 19
 	 2	 1076	 	 1	 3	 20
 	 2	 1077	 	 1	 3	 21
 	 2	 1078	 	 1	 3	 22
 	 2	 1079	 	 1	 3	 23
 	 2	 1080	 	 1	 3	 31
 	 2	 1081	 	 1	 3	 30
 	 2	 1082	 	 1	 3	 29
 	 2	 1083	 	 1	 3	 28
 	 2	 1084	 	 1	 3	 27
 	 2	 1085	 	 1	 3	 26
 	 2	 1086	 	 1	 3	 25
 	 2	 1087	 	 1	 3	 24
 	 2	 1088	 	 1	 0	 15
 	 2	 1089	 	 1	 0	 14
 	 2	 1090	 	 1	 0	 13
 	 2	 1091	 	 1	 0	 12
 	 2	 1092	 	 1	 0	 11
 	 2	 1093	 	 1	 0	 10
 	 2	 1094	 	 1	 0	 9
 	 2	 1095	 	 1	 0	 8
 	 2	 1096	 	 1	 0	 0
 	 2	 1097	 	 1	 0	 1
 	 2	 1098	 	 1	 0	 2
 	 2	 1099	 	 1	 0	 3
 	 2	 1100	 	 1	 0	 4
 	 2	 1101	 	 1	 0	 5
 	 2	 1102	 	 1	 0	 6
 	 2	 1103	 	 1	 0	 7
 	 2	 1104	 	 1	 1	 0
 	 2	 1105	 	 1	 1	 1
 	 2	 1106	 	 1	 1	 2
 	 2	 1107	 	 1	 1	 3
 	 2	 1108	 	 1	 1	 4
 	 2	 1109	 	 1	 1	 5
 	 2	 1110	 	 1	 1	 6
 	 2	 1111	 	 1	 1	 7
 	 2	 1112	 	 1	 1	 15
 	 2	 1113	 	 1	 1	 14
 	 2	 1114	 	 1	 1	 13
 	 2	 1115	 	 1	 1	 12
 	 2	 1116	 	 1	 1	 11
 	 2	 1117	 	 1	 1	 10
 	 2	 1118	 	 1	 1	 9
 	 2	 1119	 	 1	 1	 8
 	 2	 1120	 	 1	 2	 15
 	 2	 1121	 	 1	 2	 14
 	 2	 1122	 	 1	 2	 13
 	 2	 1123	 	 1	 2	 12
 	 2	 1124	 	 1	 2	 11
 	 2	 1125	 	 1	 2	 10
 	 2	 1126	 	 1	 2	 9
 	 2	 1127	 	 1	 2	 8
 	 2	 1128	 	 1	 2	 0
 	 2	 1129	 	 1	 2	 1
 	 2	 1130	 	 1	 2	 2
 	 2	 1131	 	 1	 2	 3
 	 2	 1132	 	 1	 2	 4
 	 2	 1133	 	 1	 2	 5
 	 2	 1134	 	 1	 2	 6
 	 2	 1135	 	 1	 2	 7
 	 2	 1136	 	 1	 3	 0
 	 2	 1137	 	 1	 3	 1
 	 2	 1138	 	 1	 3	 2
 	 2	 1139	 	 1	 3	 3
 	 2	 1140	 	 1	 3	 4
 	 2	 1141	 	 1	 3	 5
 	 2	 1142	 	 1	 3	 6
 	 2	 1143	 	 1	 3	 7
 	 2	 1144	 	 1	 3	 15
 	 2	 1145	 	 1	 3	 14
 	 2	 1146	 	 1	 3	 13
 	 2	 1147	 	 1	 3	 12
 	 2	 1148	 	 1	 3	 11
 	 2	 1149	 	 1	 3	 10
 	 2	 1150	 	 1	 3	 9
 	 2	 1151	 	 1	 3	 8
 	 2	 1280	 	 1	 18	 47
 	 2	 1281	 	 1	 18	 46
 	 2	 1282	 	 1	 18	 45
 	 2	 1283	 	 1	 18	 44
 	 2	 1284	 	 1	 18	 43
 	 2	 1285	 	 1	 18	 42
 	 2	 1286	 	 1	 18	 41
 	 2	 1287	 	 1	 18	 40
 	 2	 1288	 	 1	 18	 32
 	 2	 1289	 	 1	 18	 33
 	 2	 1290	 	 1	 18	 34
 	 2	 1291	 	 1	 18	 35
 	 2	 1292	 	 1	 18	 36
 	 2	 1293	 	 1	 18	 37
 	 2	 1294	 	 1	 18	 38
 	 2	 1295	 	 1	 18	 39
 	 2	 1296	 	 1	 19	 32
 	 2	 1297	 	 1	 19	 33
 	 2	 1298	 	 1	 19	 34
 	 2	 1299	 	 1	 19	 35
 	 2	 1300	 	 1	 19	 36
 	 2	 1301	 	 1	 19	 37
 	 2	 1302	 	 1	 19	 38
 	 2	 1303	 	 1	 19	 39
 	 2	 1304	 	 1	 19	 47
 	 2	 1305	 	 1	 19	 46
 	 2	 1306	 	 1	 19	 45
 	 2	 1307	 	 1	 19	 44
 	 2	 1308	 	 1	 19	 43
 	 2	 1309	 	 1	 19	 42
 	 2	 1310	 	 1	 19	 41
 	 2	 1311	 	 1	 19	 40
 	 2	 1312	 	 1	 20	 47
 	 2	 1313	 	 1	 20	 46
 	 2	 1314	 	 1	 20	 45
 	 2	 1315	 	 1	 20	 44
 	 2	 1316	 	 1	 20	 43
 	 2	 1317	 	 1	 20	 42
 	 2	 1318	 	 1	 20	 41
 	 2	 1319	 	 1	 20	 40
 	 2	 1320	 	 1	 20	 32
 	 2	 1321	 	 1	 20	 33
 	 2	 1322	 	 1	 20	 34
 	 2	 1323	 	 1	 20	 35
 	 2	 1324	 	 1	 20	 36
 	 2	 1325	 	 1	 20	 37
 	 2	 1326	 	 1	 20	 38
 	 2	 1327	 	 1	 20	 39
 	 2	 1328	 	 1	 21	 32
 	 2	 1329	 	 1	 21	 33
 	 2	 1330	 	 1	 21	 34
 	 2	 1331	 	 1	 21	 35
 	 2	 1332	 	 1	 21	 36
 	 2	 1333	 	 1	 21	 37
 	 2	 1334	 	 1	 21	 38
 	 2	 1335	 	 1	 21	 39
 	 2	 1336	 	 1	 21	 47
 	 2	 1337	 	 1	 21	 46
 	 2	 1338	 	 1	 21	 45
 	 2	 1339	 	 1	 21	 44
 	 2	 1340	 	 1	 21	 43
 	 2	 1341	 	 1	 21	 42
 	 2	 1342	 	 1	 21	 41
 	 2	 1343	 	 1	 21	 40
 	 2	 1344	 	 1	 12	 15
 	 2	 1345	 	 1	 12	 14
 	 2	 1346	 	 1	 12	 13
 	 2	 1347	 	 1	 12	 12
 	 2	 1348	 	 1	 12	 11
 	 2	 1349	 	 1	 12	 10
 	 2	 1350	 	 1	 12	 9
 	 2	 1351	 	 1	 12	 8
 	 2	 1352	 	 1	 12	 0
 	 2	 1353	 	 1	 12	 1
 	 2	 1354	 	 1	 12	 2
 	 2	 1355	 	 1	 12	 3
 	 2	 1356	 	 1	 12	 4
 	 2	 1357	 	 1	 12	 5
 	 2	 1358	 	 1	 12	 6
 	 2	 1359	 	 1	 12	 7
 	 2	 1360	 	 1	 13	 0
 	 2	 1361	 	 1	 13	 1
 	 2	 1362	 	 1	 13	 2
 	 2	 1363	 	 1	 13	 3
 	 2	 1364	 	 1	 13	 4
 	 2	 1365	 	 1	 13	 5
 	 2	 1366	 	 1	 13	 6
 	 2	 1367	 	 1	 13	 7
 	 2	 1368	 	 1	 13	 15
 	 2	 1369	 	 1	 13	 14
 	 2	 1370	 	 1	 13	 13
 	 2	 1371	 	 1	 13	 12
 	 2	 1372	 	 1	 13	 11
 	 2	 1373	 	 1	 13	 10
 	 2	 1374	 	 1	 13	 9
 	 2	 1375	 	 1	 13	 8
 	 2	 1376	 	 1	 16	 31
 	 2	 1377	 	 1	 16	 30
 	 2	 1378	 	 1	 16	 29
 	 2	 1379	 	 1	 16	 28
 	 2	 1380	 	 1	 16	 27
 	 2	 1381	 	 1	 16	 26
 	 2	 1382	 	 1	 16	 25
 	 2	 1383	 	 1	 16	 24
 	 2	 1384	 	 1	 16	 16
 	 2	 1385	 	 1	 16	 17
 	 2	 1386	 	 1	 16	 18
 	 2	 1387	 	 1	 16	 19
 	 2	 1388	 	 1	 16	 20
 	 2	 1389	 	 1	 16	 21
 	 2	 1390	 	 1	 16	 22
 	 2	 1391	 	 1	 16	 23
 	 2	 1392	 	 1	 17	 16
 	 2	 1393	 	 1	 17	 17
 	 2	 1394	 	 1	 17	 18
 	 2	 1395	 	 1	 17	 19
 	 2	 1396	 	 1	 17	 20
 	 2	 1397	 	 1	 17	 21
 	 2	 1398	 	 1	 17	 22
 	 2	 1399	 	 1	 17	 23
 	 2	 1400	 	 1	 17	 31
 	 2	 1401	 	 1	 17	 30
 	 2	 1402	 	 1	 17	 29
 	 2	 1403	 	 1	 17	 28
 	 2	 1404	 	 1	 17	 27
 	 2	 1405	 	 1	 17	 26
 	 2	 1406	 	 1	 17	 25
 	 2	 1407	 	 1	 17	 24
 	 2	 1408	 	 1	 10	 47
 	 2	 1409	 	 1	 10	 46
 	 2	 1410	 	 1	 10	 45
 	 2	 1411	 	 1	 10	 44
 	 2	 1412	 	 1	 10	 43
 	 2	 1413	 	 1	 10	 42
 	 2	 1414	 	 1	 10	 41
 	 2	 1415	 	 1	 10	 40
 	 2	 1416	 	 1	 10	 32
 	 2	 1417	 	 1	 10	 33
 	 2	 1418	 	 1	 10	 34
 	 2	 1419	 	 1	 10	 35
 	 2	 1420	 	 1	 10	 36
 	 2	 1421	 	 1	 10	 37
 	 2	 1422	 	 1	 10	 38
 	 2	 1423	 	 1	 10	 39
 	 2	 1424	 	 1	 11	 32
 	 2	 1425	 	 1	 11	 33
 	 2	 1426	 	 1	 11	 34
 	 2	 1427	 	 1	 11	 35
 	 2	 1428	 	 1	 11	 36
 	 2	 1429	 	 1	 11	 37
 	 2	 1430	 	 1	 11	 38
 	 2	 1431	 	 1	 11	 39
 	 2	 1432	 	 1	 11	 47
 	 2	 1433	 	 1	 11	 46
 	 2	 1434	 	 1	 11	 45
 	 2	 1435	 	 1	 11	 44
 	 2	 1436	 	 1	 11	 43
 	 2	 1437	 	 1	 11	 42
 	 2	 1438	 	 1	 11	 41
 	 2	 1439	 	 1	 11	 40
 	 2	 1440	 	 1	 12	 47
 	 2	 1441	 	 1	 12	 46
 	 2	 1442	 	 1	 12	 45
 	 2	 1443	 	 1	 12	 44
 	 2	 1444	 	 1	 12	 43
 	 2	 1445	 	 1	 12	 42
 	 2	 1446	 	 1	 12	 41
 	 2	 1447	 	 1	 12	 40
 	 2	 1448	 	 1	 12	 32
 	 2	 1449	 	 1	 12	 33
 	 2	 1450	 	 1	 12	 34
 	 2	 1451	 	 1	 12	 35
 	 2	 1452	 	 1	 12	 36
 	 2	 1453	 	 1	 12	 37
 	 2	 1454	 	 1	 12	 38
 	 2	 1455	 	 1	 12	 39
 	 2	 1456	 	 1	 13	 32
 	 2	 1457	 	 1	 13	 33
 	 2	 1458	 	 1	 13	 34
 	 2	 1459	 	 1	 13	 35
 	 2	 1460	 	 1	 13	 36
 	 2	 1461	 	 1	 13	 37
 	 2	 1462	 	 1	 13	 38
 	 2	 1463	 	 1	 13	 39
 	 2	 1464	 	 1	 13	 47
 	 2	 1465	 	 1	 13	 46
 	 2	 1466	 	 1	 13	 45
 	 2	 1467	 	 1	 13	 44
 	 2	 1468	 	 1	 13	 43
 	 2	 1469	 	 1	 13	 42
 	 2	 1470	 	 1	 13	 41
 	 2	 1471	 	 1	 13	 40
 	 2	 1472	 	 1	 14	 47
 	 2	 1473	 	 1	 14	 46
 	 2	 1474	 	 1	 14	 45
 	 2	 1475	 	 1	 14	 44
 	 2	 1476	 	 1	 14	 43
 	 2	 1477	 	 1	 14	 42
 	 2	 1478	 	 1	 14	 41
 	 2	 1479	 	 1	 14	 40
 	 2	 1480	 	 1	 14	 32
 	 2	 1481	 	 1	 14	 33
 	 2	 1482	 	 1	 14	 34
 	 2	 1483	 	 1	 14	 35
 	 2	 1484	 	 1	 14	 36
 	 2	 1485	 	 1	 14	 37
 	 2	 1486	 	 1	 14	 38
 	 2	 1487	 	 1	 14	 39
 	 2	 1488	 	 1	 15	 32
 	 2	 1489	 	 1	 15	 33
 	 2	 1490	 	 1	 15	 34
 	 2	 1491	 	 1	 15	 35
 	 2	 1492	 	 1	 15	 36
 	 2	 1493	 	 1	 15	 37
 	 2	 1494	 	 1	 15	 38
 	 2	 1495	 	 1	 15	 39
 	 2	 1496	 	 1	 15	 47
 	 2	 1497	 	 1	 15	 46
 	 2	 1498	 	 1	 15	 45
 	 2	 1499	 	 1	 15	 44
 	 2	 1500	 	 1	 15	 43
 	 2	 1501	 	 1	 15	 42
 	 2	 1502	 	 1	 15	 41
 	 2	 1503	 	 1	 15	 40
 	 2	 1504	 	 1	 16	 47
 	 2	 1505	 	 1	 16	 46
 	 2	 1506	 	 1	 16	 45
 	 2	 1507	 	 1	 16	 44
 	 2	 1508	 	 1	 16	 43
 	 2	 1509	 	 1	 16	 42
 	 2	 1510	 	 1	 16	 41
 	 2	 1511	 	 1	 16	 40
 	 2	 1512	 	 1	 16	 32
 	 2	 1513	 	 1	 16	 33
 	 2	 1514	 	 1	 16	 34
 	 2	 1515	 	 1	 16	 35
 	 2	 1516	 	 1	 16	 36
 	 2	 1517	 	 1	 16	 37
 	 2	 1518	 	 1	 16	 38
 	 2	 1519	 	 1	 16	 39
 	 2	 1520	 	 1	 17	 32
 	 2	 1521	 	 1	 17	 33
 	 2	 1522	 	 1	 17	 34
 	 2	 1523	 	 1	 17	 35
 	 2	 1524	 	 1	 17	 36
 	 2	 1525	 	 1	 17	 37
 	 2	 1526	 	 1	 17	 38
 	 2	 1527	 	 1	 17	 39
 	 2	 1528	 	 1	 17	 47
 	 2	 1529	 	 1	 17	 46
 	 2	 1530	 	 1	 17	 45
 	 2	 1531	 	 1	 17	 44
 	 2	 1532	 	 1	 17	 43
 	 2	 1533	 	 1	 17	 42
 	 2	 1534	 	 1	 17	 41
 	 2	 1535	 	 1	 17	 40
 	 2	 1536	 	 1	 2	 47
 	 2	 1537	 	 1	 2	 46
 	 2	 1538	 	 1	 2	 45
 	 2	 1539	 	 1	 2	 44
 	 2	 1540	 	 1	 2	 43
 	 2	 1541	 	 1	 2	 42
 	 2	 1542	 	 1	 2	 41
 	 2	 1543	 	 1	 2	 40
 	 2	 1544	 	 1	 2	 32
 	 2	 1545	 	 1	 2	 33
 	 2	 1546	 	 1	 2	 34
 	 2	 1547	 	 1	 2	 35
 	 2	 1548	 	 1	 2	 36
 	 2	 1549	 	 1	 2	 37
 	 2	 1550	 	 1	 2	 38
 	 2	 1551	 	 1	 2	 39
 	 2	 1552	 	 1	 3	 32
 	 2	 1553	 	 1	 3	 33
 	 2	 1554	 	 1	 3	 34
 	 2	 1555	 	 1	 3	 35
 	 2	 1556	 	 1	 3	 36
 	 2	 1557	 	 1	 3	 37
 	 2	 1558	 	 1	 3	 38
 	 2	 1559	 	 1	 3	 39
 	 2	 1560	 	 1	 3	 47
 	 2	 1561	 	 1	 3	 46
 	 2	 1562	 	 1	 3	 45
 	 2	 1563	 	 1	 3	 44
 	 2	 1564	 	 1	 3	 43
 	 2	 1565	 	 1	 3	 42
 	 2	 1566	 	 1	 3	 41
 	 2	 1567	 	 1	 3	 40
 	 2	 1568	 	 1	 4	 47
 	 2	 1569	 	 1	 4	 46
 	 2	 1570	 	 1	 4	 45
 	 2	 1571	 	 1	 4	 44
 	 2	 1572	 	 1	 4	 43
 	 2	 1573	 	 1	 4	 42
 	 2	 1574	 	 1	 4	 41
 	 2	 1575	 	 1	 4	 40
 	 2	 1576	 	 1	 4	 32
 	 2	 1577	 	 1	 4	 33
 	 2	 1578	 	 1	 4	 34
 	 2	 1579	 	 1	 4	 35
 	 2	 1580	 	 1	 4	 36
 	 2	 1581	 	 1	 4	 37
 	 2	 1582	 	 1	 4	 38
 	 2	 1583	 	 1	 4	 39
 	 2	 1584	 	 1	 5	 32
 	 2	 1585	 	 1	 5	 33
 	 2	 1586	 	 1	 5	 34
 	 2	 1587	 	 1	 5	 35
 	 2	 1588	 	 1	 5	 36
 	 2	 1589	 	 1	 5	 37
 	 2	 1590	 	 1	 5	 38
 	 2	 1591	 	 1	 5	 39
 	 2	 1592	 	 1	 5	 47
 	 2	 1593	 	 1	 5	 46
 	 2	 1594	 	 1	 5	 45
 	 2	 1595	 	 1	 5	 44
 	 2	 1596	 	 1	 5	 43
 	 2	 1597	 	 1	 5	 42
 	 2	 1598	 	 1	 5	 41
 	 2	 1599	 	 1	 5	 40
 	 2	 1600	 	 1	 6	 47
 	 2	 1601	 	 1	 6	 46
 	 2	 1602	 	 1	 6	 45
 	 2	 1603	 	 1	 6	 44
 	 2	 1604	 	 1	 6	 43
 	 2	 1605	 	 1	 6	 42
 	 2	 1606	 	 1	 6	 41
 	 2	 1607	 	 1	 6	 40
 	 2	 1608	 	 1	 6	 32
 	 2	 1609	 	 1	 6	 33
 	 2	 1610	 	 1	 6	 34
 	 2	 1611	 	 1	 6	 35
 	 2	 1612	 	 1	 6	 36
 	 2	 1613	 	 1	 6	 37
 	 2	 1614	 	 1	 6	 38
 	 2	 1615	 	 1	 6	 39
 	 2	 1616	 	 1	 7	 32
 	 2	 1617	 	 1	 7	 33
 	 2	 1618	 	 1	 7	 34
 	 2	 1619	 	 1	 7	 35
 	 2	 1620	 	 1	 7	 36
 	 2	 1621	 	 1	 7	 37
 	 2	 1622	 	 1	 7	 38
 	 2	 1623	 	 1	 7	 39
 	 2	 1624	 	 1	 7	 47
 	 2	 1625	 	 1	 7	 46
 	 2	 1626	 	 1	 7	 45
 	 2	 1627	 	 1	 7	 44
 	 2	 1628	 	 1	 7	 43
 	 2	 1629	 	 1	 7	 42
 	 2	 1630	 	 1	 7	 41
 	 2	 1631	 	 1	 7	 40
 	 2	 1632	 	 1	 8	 47
 	 2	 1633	 	 1	 8	 46
 	 2	 1634	 	 1	 8	 45
 	 2	 1635	 	 1	 8	 44
 	 2	 1636	 	 1	 8	 43
 	 2	 1637	 	 1	 8	 42
 	 2	 1638	 	 1	 8	 41
 	 2	 1639	 	 1	 8	 40
 	 2	 1640	 	 1	 8	 32
 	 2	 1641	 	 1	 8	 33
 	 2	 1642	 	 1	 8	 34
 	 2	 1643	 	 1	 8	 35
 	 2	 1644	 	 1	 8	 36
 	 2	 1645	 	 1	 8	 37
 	 2	 1646	 	 1	 8	 38
 	 2	 1647	 	 1	 8	 39
 	 2	 1648	 	 1	 9	 32
 	 2	 1649	 	 1	 9	 33
 	 2	 1650	 	 1	 9	 34
 	 2	 1651	 	 1	 9	 35
 	 2	 1652	 	 1	 9	 36
 	 2	 1653	 	 1	 9	 37
 	 2	 1654	 	 1	 9	 38
 	 2	 1655	 	 1	 9	 39
 	 2	 1656	 	 1	 9	 47
 	 2	 1657	 	 1	 9	 46
 	 2	 1658	 	 1	 9	 45
 	 2	 1659	 	 1	 9	 44
 	 2	 1660	 	 1	 9	 43
 	 2	 1661	 	 1	 9	 42
 	 2	 1662	 	 1	 9	 41
 	 2	 1663	 	 1	 9	 40
 	 2	 2176	 	 3	 18	 159
 	 2	 2177	 	 3	 18	 158
 	 2	 2178	 	 3	 18	 157
 	 2	 2179	 	 3	 18	 156
 	 2	 2180	 	 3	 18	 155
 	 2	 2181	 	 3	 18	 154
 	 2	 2182	 	 3	 18	 153
 	 2	 2183	 	 3	 18	 152
 	 2	 2184	 	 3	 18	 144
 	 2	 2185	 	 3	 18	 145
 	 2	 2186	 	 3	 18	 146
 	 2	 2187	 	 3	 18	 147
 	 2	 2188	 	 3	 18	 148
 	 2	 2189	 	 3	 18	 149
 	 2	 2190	 	 3	 18	 150
 	 2	 2191	 	 3	 18	 151
 	 2	 2192	 	 3	 19	 144
 	 2	 2193	 	 3	 19	 145
 	 2	 2194	 	 3	 19	 146
 	 2	 2195	 	 3	 19	 147
 	 2	 2196	 	 3	 19	 148
 	 2	 2197	 	 3	 19	 149
 	 2	 2198	 	 3	 19	 150
 	 2	 2199	 	 3	 19	 151
 	 2	 2200	 	 3	 19	 159
 	 2	 2201	 	 3	 19	 158
 	 2	 2202	 	 3	 19	 157
 	 2	 2203	 	 3	 19	 156
 	 2	 2204	 	 3	 19	 155
 	 2	 2205	 	 3	 19	 154
 	 2	 2206	 	 3	 19	 153
 	 2	 2207	 	 3	 19	 152
 	 2	 2208	 	 3	 16	 159
 	 2	 2209	 	 3	 16	 158
 	 2	 2210	 	 3	 16	 157
 	 2	 2211	 	 3	 16	 156
 	 2	 2212	 	 3	 16	 155
 	 2	 2213	 	 3	 16	 154
 	 2	 2214	 	 3	 16	 153
 	 2	 2215	 	 3	 16	 152
 	 2	 2216	 	 3	 16	 144
 	 2	 2217	 	 3	 16	 145
 	 2	 2218	 	 3	 16	 146
 	 2	 2219	 	 3	 16	 147
 	 2	 2220	 	 3	 16	 148
 	 2	 2221	 	 3	 16	 149
 	 2	 2222	 	 3	 16	 150
 	 2	 2223	 	 3	 16	 151
 	 2	 2224	 	 3	 17	 144
 	 2	 2225	 	 3	 17	 145
 	 2	 2226	 	 3	 17	 146
 	 2	 2227	 	 3	 17	 147
 	 2	 2228	 	 3	 17	 148
 	 2	 2229	 	 3	 17	 149
 	 2	 2230	 	 3	 17	 150
 	 2	 2231	 	 3	 17	 151
 	 2	 2232	 	 3	 17	 159
 	 2	 2233	 	 3	 17	 158
 	 2	 2234	 	 3	 17	 157
 	 2	 2235	 	 3	 17	 156
 	 2	 2236	 	 3	 17	 155
 	 2	 2237	 	 3	 17	 154
 	 2	 2238	 	 3	 17	 153
 	 2	 2239	 	 3	 17	 152
 	 2	 2240	 	 3	 20	 143
 	 2	 2241	 	 3	 20	 142
 	 2	 2242	 	 3	 20	 141
 	 2	 2243	 	 3	 20	 140
 	 2	 2244	 	 3	 20	 139
 	 2	 2245	 	 3	 20	 138
 	 2	 2246	 	 3	 20	 137
 	 2	 2247	 	 3	 20	 136
 	 2	 2248	 	 3	 20	 128
 	 2	 2249	 	 3	 20	 129
 	 2	 2250	 	 3	 20	 130
 	 2	 2251	 	 3	 20	 131
 	 2	 2252	 	 3	 20	 132
 	 2	 2253	 	 3	 20	 133
 	 2	 2254	 	 3	 20	 134
 	 2	 2255	 	 3	 20	 135
 	 2	 2256	 	 3	 21	 128
 	 2	 2257	 	 3	 21	 129
 	 2	 2258	 	 3	 21	 130
 	 2	 2259	 	 3	 21	 131
 	 2	 2260	 	 3	 21	 132
 	 2	 2261	 	 3	 21	 133
 	 2	 2262	 	 3	 21	 134
 	 2	 2263	 	 3	 21	 135
 	 2	 2264	 	 3	 21	 143
 	 2	 2265	 	 3	 21	 142
 	 2	 2266	 	 3	 21	 141
 	 2	 2267	 	 3	 21	 140
 	 2	 2268	 	 3	 21	 139
 	 2	 2269	 	 3	 21	 138
 	 2	 2270	 	 3	 21	 137
 	 2	 2271	 	 3	 21	 136
 	 2	 2272	 	 3	 18	 143
 	 2	 2273	 	 3	 18	 142
 	 2	 2274	 	 3	 18	 141
 	 2	 2275	 	 3	 18	 140
 	 2	 2276	 	 3	 18	 139
 	 2	 2277	 	 3	 18	 138
 	 2	 2278	 	 3	 18	 137
 	 2	 2279	 	 3	 18	 136
 	 2	 2280	 	 3	 18	 128
 	 2	 2281	 	 3	 18	 129
 	 2	 2282	 	 3	 18	 130
 	 2	 2283	 	 3	 18	 131
 	 2	 2284	 	 3	 18	 132
 	 2	 2285	 	 3	 18	 133
 	 2	 2286	 	 3	 18	 134
 	 2	 2287	 	 3	 18	 135
 	 2	 2288	 	 3	 19	 128
 	 2	 2289	 	 3	 19	 129
 	 2	 2290	 	 3	 19	 130
 	 2	 2291	 	 3	 19	 131
 	 2	 2292	 	 3	 19	 132
 	 2	 2293	 	 3	 19	 133
 	 2	 2294	 	 3	 19	 134
 	 2	 2295	 	 3	 19	 135
 	 2	 2296	 	 3	 19	 143
 	 2	 2297	 	 3	 19	 142
 	 2	 2298	 	 3	 19	 141
 	 2	 2299	 	 3	 19	 140
 	 2	 2300	 	 3	 19	 139
 	 2	 2301	 	 3	 19	 138
 	 2	 2302	 	 3	 19	 137
 	 2	 2303	 	 3	 19	 136
 	 2	 2304	 	 3	 22	 159
 	 2	 2305	 	 3	 22	 158
 	 2	 2306	 	 3	 22	 157
 	 2	 2307	 	 3	 22	 156
 	 2	 2308	 	 3	 22	 155
 	 2	 2309	 	 3	 22	 154
 	 2	 2310	 	 3	 22	 153
 	 2	 2311	 	 3	 22	 152
 	 2	 2312	 	 3	 22	 144
 	 2	 2313	 	 3	 22	 145
 	 2	 2314	 	 3	 22	 146
 	 2	 2315	 	 3	 22	 147
 	 2	 2316	 	 3	 22	 148
 	 2	 2317	 	 3	 22	 149
 	 2	 2318	 	 3	 22	 150
 	 2	 2319	 	 3	 22	 151
 	 2	 2320	 	 3	 23	 144
 	 2	 2321	 	 3	 23	 145
 	 2	 2322	 	 3	 23	 146
 	 2	 2323	 	 3	 23	 147
 	 2	 2324	 	 3	 23	 148
 	 2	 2325	 	 3	 23	 149
 	 2	 2326	 	 3	 23	 150
 	 2	 2327	 	 3	 23	 151
 	 2	 2328	 	 3	 23	 159
 	 2	 2329	 	 3	 23	 158
 	 2	 2330	 	 3	 23	 157
 	 2	 2331	 	 3	 23	 156
 	 2	 2332	 	 3	 23	 155
 	 2	 2333	 	 3	 23	 154
 	 2	 2334	 	 3	 23	 153
 	 2	 2335	 	 3	 23	 152
 	 2	 2336	 	 3	 20	 159
 	 2	 2337	 	 3	 20	 158
 	 2	 2338	 	 3	 20	 157
 	 2	 2339	 	 3	 20	 156
 	 2	 2340	 	 3	 20	 155
 	 2	 2341	 	 3	 20	 154
 	 2	 2342	 	 3	 20	 153
 	 2	 2343	 	 3	 20	 152
 	 2	 2344	 	 3	 20	 144
 	 2	 2345	 	 3	 20	 145
 	 2	 2346	 	 3	 20	 146
 	 2	 2347	 	 3	 20	 147
 	 2	 2348	 	 3	 20	 148
 	 2	 2349	 	 3	 20	 149
 	 2	 2350	 	 3	 20	 150
 	 2	 2351	 	 3	 20	 151
 	 2	 2352	 	 3	 21	 144
 	 2	 2353	 	 3	 21	 145
 	 2	 2354	 	 3	 21	 146
 	 2	 2355	 	 3	 21	 147
 	 2	 2356	 	 3	 21	 148
 	 2	 2357	 	 3	 21	 149
 	 2	 2358	 	 3	 21	 150
 	 2	 2359	 	 3	 21	 151
 	 2	 2360	 	 3	 21	 159
 	 2	 2361	 	 3	 21	 158
 	 2	 2362	 	 3	 21	 157
 	 2	 2363	 	 3	 21	 156
 	 2	 2364	 	 3	 21	 155
 	 2	 2365	 	 3	 21	 154
 	 2	 2366	 	 3	 21	 153
 	 2	 2367	 	 3	 21	 152
 	 2	 2368	 	 3	 24	 143
 	 2	 2369	 	 3	 24	 142
 	 2	 2370	 	 3	 24	 141
 	 2	 2371	 	 3	 24	 140
 	 2	 2372	 	 3	 24	 139
 	 2	 2373	 	 3	 24	 138
 	 2	 2374	 	 3	 24	 137
 	 2	 2375	 	 3	 24	 136
 	 2	 2376	 	 3	 24	 128
 	 2	 2377	 	 3	 24	 129
 	 2	 2378	 	 3	 24	 130
 	 2	 2379	 	 3	 24	 131
 	 2	 2380	 	 3	 24	 132
 	 2	 2381	 	 3	 24	 133
 	 2	 2382	 	 3	 24	 134
 	 2	 2383	 	 3	 24	 135
 	 2	 2384	 	 3	 25	 128
 	 2	 2385	 	 3	 25	 129
 	 2	 2386	 	 3	 25	 130
 	 2	 2387	 	 3	 25	 131
 	 2	 2388	 	 3	 25	 132
 	 2	 2389	 	 3	 25	 133
 	 2	 2390	 	 3	 25	 134
 	 2	 2391	 	 3	 25	 135
 	 2	 2392	 	 3	 25	 143
 	 2	 2393	 	 3	 25	 142
 	 2	 2394	 	 3	 25	 141
 	 2	 2395	 	 3	 25	 140
 	 2	 2396	 	 3	 25	 139
 	 2	 2397	 	 3	 25	 138
 	 2	 2398	 	 3	 25	 137
 	 2	 2399	 	 3	 25	 136
 	 2	 2400	 	 3	 22	 143
 	 2	 2401	 	 3	 22	 142
 	 2	 2402	 	 3	 22	 141
 	 2	 2403	 	 3	 22	 140
 	 2	 2404	 	 3	 22	 139
 	 2	 2405	 	 3	 22	 138
 	 2	 2406	 	 3	 22	 137
 	 2	 2407	 	 3	 22	 136
 	 2	 2408	 	 3	 22	 128
 	 2	 2409	 	 3	 22	 129
 	 2	 2410	 	 3	 22	 130
 	 2	 2411	 	 3	 22	 131
 	 2	 2412	 	 3	 22	 132
 	 2	 2413	 	 3	 22	 133
 	 2	 2414	 	 3	 22	 134
 	 2	 2415	 	 3	 22	 135
 	 2	 2416	 	 3	 23	 128
 	 2	 2417	 	 3	 23	 129
 	 2	 2418	 	 3	 23	 130
 	 2	 2419	 	 3	 23	 131
 	 2	 2420	 	 3	 23	 132
 	 2	 2421	 	 3	 23	 133
 	 2	 2422	 	 3	 23	 134
 	 2	 2423	 	 3	 23	 135
 	 2	 2424	 	 3	 23	 143
 	 2	 2425	 	 3	 23	 142
 	 2	 2426	 	 3	 23	 141
 	 2	 2427	 	 3	 23	 140
 	 2	 2428	 	 3	 23	 139
 	 2	 2429	 	 3	 23	 138
 	 2	 2430	 	 3	 23	 137
 	 2	 2431	 	 3	 23	 136
 	 2	 2432	 	 3	 20	 175
 	 2	 2433	 	 3	 20	 174
 	 2	 2434	 	 3	 20	 173
 	 2	 2435	 	 3	 20	 172
 	 2	 2436	 	 3	 20	 171
 	 2	 2437	 	 3	 20	 170
 	 2	 2438	 	 3	 20	 169
 	 2	 2439	 	 3	 20	 168
 	 2	 2440	 	 3	 20	 160
 	 2	 2441	 	 3	 20	 161
 	 2	 2442	 	 3	 20	 162
 	 2	 2443	 	 3	 20	 163
 	 2	 2444	 	 3	 20	 164
 	 2	 2445	 	 3	 20	 165
 	 2	 2446	 	 3	 20	 166
 	 2	 2447	 	 3	 20	 167
 	 2	 2448	 	 3	 21	 160
 	 2	 2449	 	 3	 21	 161
 	 2	 2450	 	 3	 21	 162
 	 2	 2451	 	 3	 21	 163
 	 2	 2452	 	 3	 21	 164
 	 2	 2453	 	 3	 21	 165
 	 2	 2454	 	 3	 21	 166
 	 2	 2455	 	 3	 21	 167
 	 2	 2456	 	 3	 21	 175
 	 2	 2457	 	 3	 21	 174
 	 2	 2458	 	 3	 21	 173
 	 2	 2459	 	 3	 21	 172
 	 2	 2460	 	 3	 21	 171
 	 2	 2461	 	 3	 21	 170
 	 2	 2462	 	 3	 21	 169
 	 2	 2463	 	 3	 21	 168
 	 2	 2464	 	 3	 18	 175
 	 2	 2465	 	 3	 18	 174
 	 2	 2466	 	 3	 18	 173
 	 2	 2467	 	 3	 18	 172
 	 2	 2468	 	 3	 18	 171
 	 2	 2469	 	 3	 18	 170
 	 2	 2470	 	 3	 18	 169
 	 2	 2471	 	 3	 18	 168
 	 2	 2472	 	 3	 18	 160
 	 2	 2473	 	 3	 18	 161
 	 2	 2474	 	 3	 18	 162
 	 2	 2475	 	 3	 18	 163
 	 2	 2476	 	 3	 18	 164
 	 2	 2477	 	 3	 18	 165
 	 2	 2478	 	 3	 18	 166
 	 2	 2479	 	 3	 18	 167
 	 2	 2480	 	 3	 19	 160
 	 2	 2481	 	 3	 19	 161
 	 2	 2482	 	 3	 19	 162
 	 2	 2483	 	 3	 19	 163
 	 2	 2484	 	 3	 19	 164
 	 2	 2485	 	 3	 19	 165
 	 2	 2486	 	 3	 19	 166
 	 2	 2487	 	 3	 19	 167
 	 2	 2488	 	 3	 19	 175
 	 2	 2489	 	 3	 19	 174
 	 2	 2490	 	 3	 19	 173
 	 2	 2491	 	 3	 19	 172
 	 2	 2492	 	 3	 19	 171
 	 2	 2493	 	 3	 19	 170
 	 2	 2494	 	 3	 19	 169
 	 2	 2495	 	 3	 19	 168
 	 2	 2496	 	 3	 16	 175
 	 2	 2497	 	 3	 16	 174
 	 2	 2498	 	 3	 16	 173
 	 2	 2499	 	 3	 16	 172
 	 2	 2500	 	 3	 16	 171
 	 2	 2501	 	 3	 16	 170
 	 2	 2502	 	 3	 16	 169
 	 2	 2503	 	 3	 16	 168
 	 2	 2504	 	 3	 16	 160
 	 2	 2505	 	 3	 16	 161
 	 2	 2506	 	 3	 16	 162
 	 2	 2507	 	 3	 16	 163
 	 2	 2508	 	 3	 16	 164
 	 2	 2509	 	 3	 16	 165
 	 2	 2510	 	 3	 16	 166
 	 2	 2511	 	 3	 16	 167
 	 2	 2512	 	 3	 17	 160
 	 2	 2513	 	 3	 17	 161
 	 2	 2514	 	 3	 17	 162
 	 2	 2515	 	 3	 17	 163
 	 2	 2516	 	 3	 17	 164
 	 2	 2517	 	 3	 17	 165
 	 2	 2518	 	 3	 17	 166
 	 2	 2519	 	 3	 17	 167
 	 2	 2520	 	 3	 17	 175
 	 2	 2521	 	 3	 17	 174
 	 2	 2522	 	 3	 17	 173
 	 2	 2523	 	 3	 17	 172
 	 2	 2524	 	 3	 17	 171
 	 2	 2525	 	 3	 17	 170
 	 2	 2526	 	 3	 17	 169
 	 2	 2527	 	 3	 17	 168
 	 2	 2528	 	 3	 14	 175
 	 2	 2529	 	 3	 14	 174
 	 2	 2530	 	 3	 14	 173
 	 2	 2531	 	 3	 14	 172
 	 2	 2532	 	 3	 14	 171
 	 2	 2533	 	 3	 14	 170
 	 2	 2534	 	 3	 14	 169
 	 2	 2535	 	 3	 14	 168
 	 2	 2536	 	 3	 14	 160
 	 2	 2537	 	 3	 14	 161
 	 2	 2538	 	 3	 14	 162
 	 2	 2539	 	 3	 14	 163
 	 2	 2540	 	 3	 14	 164
 	 2	 2541	 	 3	 14	 165
 	 2	 2542	 	 3	 14	 166
 	 2	 2543	 	 3	 14	 167
 	 2	 2544	 	 3	 15	 160
 	 2	 2545	 	 3	 15	 161
 	 2	 2546	 	 3	 15	 162
 	 2	 2547	 	 3	 15	 163
 	 2	 2548	 	 3	 15	 164
 	 2	 2549	 	 3	 15	 165
 	 2	 2550	 	 3	 15	 166
 	 2	 2551	 	 3	 15	 167
 	 2	 2552	 	 3	 15	 175
 	 2	 2553	 	 3	 15	 174
 	 2	 2554	 	 3	 15	 173
 	 2	 2555	 	 3	 15	 172
 	 2	 2556	 	 3	 15	 171
 	 2	 2557	 	 3	 15	 170
 	 2	 2558	 	 3	 15	 169
 	 2	 2559	 	 3	 15	 168
 	 2	 2560	 	 3	 26	 159
 	 2	 2561	 	 3	 26	 158
 	 2	 2562	 	 3	 26	 157
 	 2	 2563	 	 3	 26	 156
 	 2	 2564	 	 3	 26	 155
 	 2	 2565	 	 3	 26	 154
 	 2	 2566	 	 3	 26	 153
 	 2	 2567	 	 3	 26	 152
 	 2	 2568	 	 3	 26	 144
 	 2	 2569	 	 3	 26	 145
 	 2	 2570	 	 3	 26	 146
 	 2	 2571	 	 3	 26	 147
 	 2	 2572	 	 3	 26	 148
 	 2	 2573	 	 3	 26	 149
 	 2	 2574	 	 3	 26	 150
 	 2	 2575	 	 3	 26	 151
 	 2	 2576	 	 3	 27	 144
 	 2	 2577	 	 3	 27	 145
 	 2	 2578	 	 3	 27	 146
 	 2	 2579	 	 3	 27	 147
 	 2	 2580	 	 3	 27	 148
 	 2	 2581	 	 3	 27	 149
 	 2	 2582	 	 3	 27	 150
 	 2	 2583	 	 3	 27	 151
 	 2	 2584	 	 3	 27	 159
 	 2	 2585	 	 3	 27	 158
 	 2	 2586	 	 3	 27	 157
 	 2	 2587	 	 3	 27	 156
 	 2	 2588	 	 3	 27	 155
 	 2	 2589	 	 3	 27	 154
 	 2	 2590	 	 3	 27	 153
 	 2	 2591	 	 3	 27	 152
 	 2	 2592	 	 3	 24	 159
 	 2	 2593	 	 3	 24	 158
 	 2	 2594	 	 3	 24	 157
 	 2	 2595	 	 3	 24	 156
 	 2	 2596	 	 3	 24	 155
 	 2	 2597	 	 3	 24	 154
 	 2	 2598	 	 3	 24	 153
 	 2	 2599	 	 3	 24	 152
 	 2	 2600	 	 3	 24	 144
 	 2	 2601	 	 3	 24	 145
 	 2	 2602	 	 3	 24	 146
 	 2	 2603	 	 3	 24	 147
 	 2	 2604	 	 3	 24	 148
 	 2	 2605	 	 3	 24	 149
 	 2	 2606	 	 3	 24	 150
 	 2	 2607	 	 3	 24	 151
 	 2	 2608	 	 3	 25	 144
 	 2	 2609	 	 3	 25	 145
 	 2	 2610	 	 3	 25	 146
 	 2	 2611	 	 3	 25	 147
 	 2	 2612	 	 3	 25	 148
 	 2	 2613	 	 3	 25	 149
 	 2	 2614	 	 3	 25	 150
 	 2	 2615	 	 3	 25	 151
 	 2	 2616	 	 3	 25	 159
 	 2	 2617	 	 3	 25	 158
 	 2	 2618	 	 3	 25	 157
 	 2	 2619	 	 3	 25	 156
 	 2	 2620	 	 3	 25	 155
 	 2	 2621	 	 3	 25	 154
 	 2	 2622	 	 3	 25	 153
 	 2	 2623	 	 3	 25	 152
 	 2	 2624	 	 6	 0	 63
 	 2	 2625	 	 6	 0	 62
 	 2	 2626	 	 6	 0	 61
 	 2	 2627	 	 6	 0	 60
 	 2	 2628	 	 6	 0	 59
 	 2	 2629	 	 6	 0	 58
 	 2	 2630	 	 6	 0	 57
 	 2	 2631	 	 6	 0	 56
 	 2	 2632	 	 6	 0	 48
 	 2	 2633	 	 6	 0	 49
 	 2	 2634	 	 6	 0	 50
 	 2	 2635	 	 6	 0	 51
 	 2	 2636	 	 6	 0	 52
 	 2	 2637	 	 6	 0	 53
 	 2	 2638	 	 6	 0	 54
 	 2	 2639	 	 6	 0	 55
 	 2	 2640	 	 6	 1	 48
 	 2	 2641	 	 6	 1	 49
 	 2	 2642	 	 6	 1	 50
 	 2	 2643	 	 6	 1	 51
 	 2	 2644	 	 6	 1	 52
 	 2	 2645	 	 6	 1	 53
 	 2	 2646	 	 6	 1	 54
 	 2	 2647	 	 6	 1	 55
 	 2	 2648	 	 6	 1	 63
 	 2	 2649	 	 6	 1	 62
 	 2	 2650	 	 6	 1	 61
 	 2	 2651	 	 6	 1	 60
 	 2	 2652	 	 6	 1	 59
 	 2	 2653	 	 6	 1	 58
 	 2	 2654	 	 6	 1	 57
 	 2	 2655	 	 6	 1	 56
 	 2	 2656	 	 3	 26	 143
 	 2	 2657	 	 3	 26	 142
 	 2	 2658	 	 3	 26	 141
 	 2	 2659	 	 3	 26	 140
 	 2	 2660	 	 3	 26	 139
 	 2	 2661	 	 3	 26	 138
 	 2	 2662	 	 3	 26	 137
 	 2	 2663	 	 3	 26	 136
 	 2	 2664	 	 3	 26	 128
 	 2	 2665	 	 3	 26	 129
 	 2	 2666	 	 3	 26	 130
 	 2	 2667	 	 3	 26	 131
 	 2	 2668	 	 3	 26	 132
 	 2	 2669	 	 3	 26	 133
 	 2	 2670	 	 3	 26	 134
 	 2	 2671	 	 3	 26	 135
 	 2	 2672	 	 3	 27	 128
 	 2	 2673	 	 3	 27	 129
 	 2	 2674	 	 3	 27	 130
 	 2	 2675	 	 3	 27	 131
 	 2	 2676	 	 3	 27	 132
 	 2	 2677	 	 3	 27	 133
 	 2	 2678	 	 3	 27	 134
 	 2	 2679	 	 3	 27	 135
 	 2	 2680	 	 3	 27	 143
 	 2	 2681	 	 3	 27	 142
 	 2	 2682	 	 3	 27	 141
 	 2	 2683	 	 3	 27	 140
 	 2	 2684	 	 3	 27	 139
 	 2	 2685	 	 3	 27	 138
 	 2	 2686	 	 3	 27	 137
 	 2	 2687	 	 3	 27	 136
 	 2	 2688	 	 6	 0	 79
 	 2	 2689	 	 6	 0	 78
 	 2	 2690	 	 6	 0	 77
 	 2	 2691	 	 6	 0	 76
 	 2	 2692	 	 6	 0	 75
 	 2	 2693	 	 6	 0	 74
 	 2	 2694	 	 6	 0	 73
 	 2	 2695	 	 6	 0	 72
 	 2	 2696	 	 6	 0	 64
 	 2	 2697	 	 6	 0	 65
 	 2	 2698	 	 6	 0	 66
 	 2	 2699	 	 6	 0	 67
 	 2	 2700	 	 6	 0	 68
 	 2	 2701	 	 6	 0	 69
 	 2	 2702	 	 6	 0	 70
 	 2	 2703	 	 6	 0	 71
 	 2	 2704	 	 6	 1	 64
 	 2	 2705	 	 6	 1	 65
 	 2	 2706	 	 6	 1	 66
 	 2	 2707	 	 6	 1	 67
 	 2	 2708	 	 6	 1	 68
 	 2	 2709	 	 6	 1	 69
 	 2	 2710	 	 6	 1	 70
 	 2	 2711	 	 6	 1	 71
 	 2	 2712	 	 6	 1	 79
 	 2	 2713	 	 6	 1	 78
 	 2	 2714	 	 6	 1	 77
 	 2	 2715	 	 6	 1	 76
 	 2	 2716	 	 6	 1	 75
 	 2	 2717	 	 6	 1	 74
 	 2	 2718	 	 6	 1	 73
 	 2	 2719	 	 6	 1	 72
 	 2	 2720	 	 3	 26	 175
 	 2	 2721	 	 3	 26	 174
 	 2	 2722	 	 3	 26	 173
 	 2	 2723	 	 3	 26	 172
 	 2	 2724	 	 3	 26	 171
 	 2	 2725	 	 3	 26	 170
 	 2	 2726	 	 3	 26	 169
 	 2	 2727	 	 3	 26	 168
 	 2	 2728	 	 3	 26	 160
 	 2	 2729	 	 3	 26	 161
 	 2	 2730	 	 3	 26	 162
 	 2	 2731	 	 3	 26	 163
 	 2	 2732	 	 3	 26	 164
 	 2	 2733	 	 3	 26	 165
 	 2	 2734	 	 3	 26	 166
 	 2	 2735	 	 3	 26	 167
 	 2	 2736	 	 3	 27	 160
 	 2	 2737	 	 3	 27	 161
 	 2	 2738	 	 3	 27	 162
 	 2	 2739	 	 3	 27	 163
 	 2	 2740	 	 3	 27	 164
 	 2	 2741	 	 3	 27	 165
 	 2	 2742	 	 3	 27	 166
 	 2	 2743	 	 3	 27	 167
 	 2	 2744	 	 3	 27	 175
 	 2	 2745	 	 3	 27	 174
 	 2	 2746	 	 3	 27	 173
 	 2	 2747	 	 3	 27	 172
 	 2	 2748	 	 3	 27	 171
 	 2	 2749	 	 3	 27	 170
 	 2	 2750	 	 3	 27	 169
 	 2	 2751	 	 3	 27	 168
 	 2	 2752	 	 3	 24	 175
 	 2	 2753	 	 3	 24	 174
 	 2	 2754	 	 3	 24	 173
 	 2	 2755	 	 3	 24	 172
 	 2	 2756	 	 3	 24	 171
 	 2	 2757	 	 3	 24	 170
 	 2	 2758	 	 3	 24	 169
 	 2	 2759	 	 3	 24	 168
 	 2	 2760	 	 3	 24	 160
 	 2	 2761	 	 3	 24	 161
 	 2	 2762	 	 3	 24	 162
 	 2	 2763	 	 3	 24	 163
 	 2	 2764	 	 3	 24	 164
 	 2	 2765	 	 3	 24	 165
 	 2	 2766	 	 3	 24	 166
 	 2	 2767	 	 3	 24	 167
 	 2	 2768	 	 3	 25	 160
 	 2	 2769	 	 3	 25	 161
 	 2	 2770	 	 3	 25	 162
 	 2	 2771	 	 3	 25	 163
 	 2	 2772	 	 3	 25	 164
 	 2	 2773	 	 3	 25	 165
 	 2	 2774	 	 3	 25	 166
 	 2	 2775	 	 3	 25	 167
 	 2	 2776	 	 3	 25	 175
 	 2	 2777	 	 3	 25	 174
 	 2	 2778	 	 3	 25	 173
 	 2	 2779	 	 3	 25	 172
 	 2	 2780	 	 3	 25	 171
 	 2	 2781	 	 3	 25	 170
 	 2	 2782	 	 3	 25	 169
 	 2	 2783	 	 3	 25	 168
 	 2	 2784	 	 3	 22	 175
 	 2	 2785	 	 3	 22	 174
 	 2	 2786	 	 3	 22	 173
 	 2	 2787	 	 3	 22	 172
 	 2	 2788	 	 3	 22	 171
 	 2	 2789	 	 3	 22	 170
 	 2	 2790	 	 3	 22	 169
 	 2	 2791	 	 3	 22	 168
 	 2	 2792	 	 3	 22	 160
 	 2	 2793	 	 3	 22	 161
 	 2	 2794	 	 3	 22	 162
 	 2	 2795	 	 3	 22	 163
 	 2	 2796	 	 3	 22	 164
 	 2	 2797	 	 3	 22	 165
 	 2	 2798	 	 3	 22	 166
 	 2	 2799	 	 3	 22	 167
 	 2	 2800	 	 3	 23	 160
 	 2	 2801	 	 3	 23	 161
 	 2	 2802	 	 3	 23	 162
 	 2	 2803	 	 3	 23	 163
 	 2	 2804	 	 3	 23	 164
 	 2	 2805	 	 3	 23	 165
 	 2	 2806	 	 3	 23	 166
 	 2	 2807	 	 3	 23	 167
 	 2	 2808	 	 3	 23	 175
 	 2	 2809	 	 3	 23	 174
 	 2	 2810	 	 3	 23	 173
 	 2	 2811	 	 3	 23	 172
 	 2	 2812	 	 3	 23	 171
 	 2	 2813	 	 3	 23	 170
 	 2	 2814	 	 3	 23	 169
 	 2	 2815	 	 3	 23	 168
 	 2	 2816	 	 6	 4	 79
 	 2	 2817	 	 6	 4	 78
 	 2	 2818	 	 6	 4	 77
 	 2	 2819	 	 6	 4	 76
 	 2	 2820	 	 6	 4	 75
 	 2	 2821	 	 6	 4	 74
 	 2	 2822	 	 6	 4	 73
 	 2	 2823	 	 6	 4	 72
 	 2	 2824	 	 6	 4	 64
 	 2	 2825	 	 6	 4	 65
 	 2	 2826	 	 6	 4	 66
 	 2	 2827	 	 6	 4	 67
 	 2	 2828	 	 6	 4	 68
 	 2	 2829	 	 6	 4	 69
 	 2	 2830	 	 6	 4	 70
 	 2	 2831	 	 6	 4	 71
 	 2	 2832	 	 6	 5	 64
 	 2	 2833	 	 6	 5	 65
 	 2	 2834	 	 6	 5	 66
 	 2	 2835	 	 6	 5	 67
 	 2	 2836	 	 6	 5	 68
 	 2	 2837	 	 6	 5	 69
 	 2	 2838	 	 6	 5	 70
 	 2	 2839	 	 6	 5	 71
 	 2	 2840	 	 6	 5	 79
 	 2	 2841	 	 6	 5	 78
 	 2	 2842	 	 6	 5	 77
 	 2	 2843	 	 6	 5	 76
 	 2	 2844	 	 6	 5	 75
 	 2	 2845	 	 6	 5	 74
 	 2	 2846	 	 6	 5	 73
 	 2	 2847	 	 6	 5	 72
 	 2	 2848	 	 6	 2	 79
 	 2	 2849	 	 6	 2	 78
 	 2	 2850	 	 6	 2	 77
 	 2	 2851	 	 6	 2	 76
 	 2	 2852	 	 6	 2	 75
 	 2	 2853	 	 6	 2	 74
 	 2	 2854	 	 6	 2	 73
 	 2	 2855	 	 6	 2	 72
 	 2	 2856	 	 6	 2	 64
 	 2	 2857	 	 6	 2	 65
 	 2	 2858	 	 6	 2	 66
 	 2	 2859	 	 6	 2	 67
 	 2	 2860	 	 6	 2	 68
 	 2	 2861	 	 6	 2	 69
 	 2	 2862	 	 6	 2	 70
 	 2	 2863	 	 6	 2	 71
 	 2	 2864	 	 6	 3	 64
 	 2	 2865	 	 6	 3	 65
 	 2	 2866	 	 6	 3	 66
 	 2	 2867	 	 6	 3	 67
 	 2	 2868	 	 6	 3	 68
 	 2	 2869	 	 6	 3	 69
 	 2	 2870	 	 6	 3	 70
 	 2	 2871	 	 6	 3	 71
 	 2	 2872	 	 6	 3	 79
 	 2	 2873	 	 6	 3	 78
 	 2	 2874	 	 6	 3	 77
 	 2	 2875	 	 6	 3	 76
 	 2	 2876	 	 6	 3	 75
 	 2	 2877	 	 6	 3	 74
 	 2	 2878	 	 6	 3	 73
 	 2	 2879	 	 6	 3	 72
 	 2	 2880	 	 6	 4	 63
 	 2	 2881	 	 6	 4	 62
 	 2	 2882	 	 6	 4	 61
 	 2	 2883	 	 6	 4	 60
 	 2	 2884	 	 6	 4	 59
 	 2	 2885	 	 6	 4	 58
 	 2	 2886	 	 6	 4	 57
 	 2	 2887	 	 6	 4	 56
 	 2	 2888	 	 6	 4	 48
 	 2	 2889	 	 6	 4	 49
 	 2	 2890	 	 6	 4	 50
 	 2	 2891	 	 6	 4	 51
 	 2	 2892	 	 6	 4	 52
 	 2	 2893	 	 6	 4	 53
 	 2	 2894	 	 6	 4	 54
 	 2	 2895	 	 6	 4	 55
 	 2	 2896	 	 6	 5	 48
 	 2	 2897	 	 6	 5	 49
 	 2	 2898	 	 6	 5	 50
 	 2	 2899	 	 6	 5	 51
 	 2	 2900	 	 6	 5	 52
 	 2	 2901	 	 6	 5	 53
 	 2	 2902	 	 6	 5	 54
 	 2	 2903	 	 6	 5	 55
 	 2	 2904	 	 6	 5	 63
 	 2	 2905	 	 6	 5	 62
 	 2	 2906	 	 6	 5	 61
 	 2	 2907	 	 6	 5	 60
 	 2	 2908	 	 6	 5	 59
 	 2	 2909	 	 6	 5	 58
 	 2	 2910	 	 6	 5	 57
 	 2	 2911	 	 6	 5	 56
 	 2	 2912	 	 6	 2	 63
 	 2	 2913	 	 6	 2	 62
 	 2	 2914	 	 6	 2	 61
 	 2	 2915	 	 6	 2	 60
 	 2	 2916	 	 6	 2	 59
 	 2	 2917	 	 6	 2	 58
 	 2	 2918	 	 6	 2	 57
 	 2	 2919	 	 6	 2	 56
 	 2	 2920	 	 6	 2	 48
 	 2	 2921	 	 6	 2	 49
 	 2	 2922	 	 6	 2	 50
 	 2	 2923	 	 6	 2	 51
 	 2	 2924	 	 6	 2	 52
 	 2	 2925	 	 6	 2	 53
 	 2	 2926	 	 6	 2	 54
 	 2	 2927	 	 6	 2	 55
 	 2	 2928	 	 6	 3	 48
 	 2	 2929	 	 6	 3	 49
 	 2	 2930	 	 6	 3	 50
 	 2	 2931	 	 6	 3	 51
 	 2	 2932	 	 6	 3	 52
 	 2	 2933	 	 6	 3	 53
 	 2	 2934	 	 6	 3	 54
 	 2	 2935	 	 6	 3	 55
 	 2	 2936	 	 6	 3	 63
 	 2	 2937	 	 6	 3	 62
 	 2	 2938	 	 6	 3	 61
 	 2	 2939	 	 6	 3	 60
 	 2	 2940	 	 6	 3	 59
 	 2	 2941	 	 6	 3	 58
 	 2	 2942	 	 6	 3	 57
 	 2	 2943	 	 6	 3	 56
 	 2	 2944	 	 6	 8	 79
 	 2	 2945	 	 6	 8	 78
 	 2	 2946	 	 6	 8	 77
 	 2	 2947	 	 6	 8	 76
 	 2	 2948	 	 6	 8	 75
 	 2	 2949	 	 6	 8	 74
 	 2	 2950	 	 6	 8	 73
 	 2	 2951	 	 6	 8	 72
 	 2	 2952	 	 6	 8	 64
 	 2	 2953	 	 6	 8	 65
 	 2	 2954	 	 6	 8	 66
 	 2	 2955	 	 6	 8	 67
 	 2	 2956	 	 6	 8	 68
 	 2	 2957	 	 6	 8	 69
 	 2	 2958	 	 6	 8	 70
 	 2	 2959	 	 6	 8	 71
 	 2	 2960	 	 6	 9	 64
 	 2	 2961	 	 6	 9	 65
 	 2	 2962	 	 6	 9	 66
 	 2	 2963	 	 6	 9	 67
 	 2	 2964	 	 6	 9	 68
 	 2	 2965	 	 6	 9	 69
 	 2	 2966	 	 6	 9	 70
 	 2	 2967	 	 6	 9	 71
 	 2	 2968	 	 6	 9	 79
 	 2	 2969	 	 6	 9	 78
 	 2	 2970	 	 6	 9	 77
 	 2	 2971	 	 6	 9	 76
 	 2	 2972	 	 6	 9	 75
 	 2	 2973	 	 6	 9	 74
 	 2	 2974	 	 6	 9	 73
 	 2	 2975	 	 6	 9	 72
 	 2	 2976	 	 6	 6	 79
 	 2	 2977	 	 6	 6	 78
 	 2	 2978	 	 6	 6	 77
 	 2	 2979	 	 6	 6	 76
 	 2	 2980	 	 6	 6	 75
 	 2	 2981	 	 6	 6	 74
 	 2	 2982	 	 6	 6	 73
 	 2	 2983	 	 6	 6	 72
 	 2	 2984	 	 6	 6	 64
 	 2	 2985	 	 6	 6	 65
 	 2	 2986	 	 6	 6	 66
 	 2	 2987	 	 6	 6	 67
 	 2	 2988	 	 6	 6	 68
 	 2	 2989	 	 6	 6	 69
 	 2	 2990	 	 6	 6	 70
 	 2	 2991	 	 6	 6	 71
 	 2	 2992	 	 6	 7	 64
 	 2	 2993	 	 6	 7	 65
 	 2	 2994	 	 6	 7	 66
 	 2	 2995	 	 6	 7	 67
 	 2	 2996	 	 6	 7	 68
 	 2	 2997	 	 6	 7	 69
 	 2	 2998	 	 6	 7	 70
 	 2	 2999	 	 6	 7	 71
 	 2	 3000	 	 6	 7	 79
 	 2	 3001	 	 6	 7	 78
 	 2	 3002	 	 6	 7	 77
 	 2	 3003	 	 6	 7	 76
 	 2	 3004	 	 6	 7	 75
 	 2	 3005	 	 6	 7	 74
 	 2	 3006	 	 6	 7	 73
 	 2	 3007	 	 6	 7	 72
 	 2	 3008	 	 6	 8	 63
 	 2	 3009	 	 6	 8	 62
 	 2	 3010	 	 6	 8	 61
 	 2	 3011	 	 6	 8	 60
 	 2	 3012	 	 6	 8	 59
 	 2	 3013	 	 6	 8	 58
 	 2	 3014	 	 6	 8	 57
 	 2	 3015	 	 6	 8	 56
 	 2	 3016	 	 6	 8	 48
 	 2	 3017	 	 6	 8	 49
 	 2	 3018	 	 6	 8	 50
 	 2	 3019	 	 6	 8	 51
 	 2	 3020	 	 6	 8	 52
 	 2	 3021	 	 6	 8	 53
 	 2	 3022	 	 6	 8	 54
 	 2	 3023	 	 6	 8	 55
 	 2	 3024	 	 6	 9	 48
 	 2	 3025	 	 6	 9	 49
 	 2	 3026	 	 6	 9	 50
 	 2	 3027	 	 6	 9	 51
 	 2	 3028	 	 6	 9	 52
 	 2	 3029	 	 6	 9	 53
 	 2	 3030	 	 6	 9	 54
 	 2	 3031	 	 6	 9	 55
 	 2	 3032	 	 6	 9	 63
 	 2	 3033	 	 6	 9	 62
 	 2	 3034	 	 6	 9	 61
 	 2	 3035	 	 6	 9	 60
 	 2	 3036	 	 6	 9	 59
 	 2	 3037	 	 6	 9	 58
 	 2	 3038	 	 6	 9	 57
 	 2	 3039	 	 6	 9	 56
 	 2	 3040	 	 6	 6	 63
 	 2	 3041	 	 6	 6	 62
 	 2	 3042	 	 6	 6	 61
 	 2	 3043	 	 6	 6	 60
 	 2	 3044	 	 6	 6	 59
 	 2	 3045	 	 6	 6	 58
 	 2	 3046	 	 6	 6	 57
 	 2	 3047	 	 6	 6	 56
 	 2	 3048	 	 6	 6	 48
 	 2	 3049	 	 6	 6	 49
 	 2	 3050	 	 6	 6	 50
 	 2	 3051	 	 6	 6	 51
 	 2	 3052	 	 6	 6	 52
 	 2	 3053	 	 6	 6	 53
 	 2	 3054	 	 6	 6	 54
 	 2	 3055	 	 6	 6	 55
 	 2	 3056	 	 6	 7	 48
 	 2	 3057	 	 6	 7	 49
 	 2	 3058	 	 6	 7	 50
 	 2	 3059	 	 6	 7	 51
 	 2	 3060	 	 6	 7	 52
 	 2	 3061	 	 6	 7	 53
 	 2	 3062	 	 6	 7	 54
 	 2	 3063	 	 6	 7	 55
 	 2	 3064	 	 6	 7	 63
 	 2	 3065	 	 6	 7	 62
 	 2	 3066	 	 6	 7	 61
 	 2	 3067	 	 6	 7	 60
 	 2	 3068	 	 6	 7	 59
 	 2	 3069	 	 6	 7	 58
 	 2	 3070	 	 6	 7	 57
 	 2	 3071	 	 6	 7	 56
 	 2	 3072	 	 6	 6	 95
 	 2	 3073	 	 6	 6	 94
 	 2	 3074	 	 6	 6	 93
 	 2	 3075	 	 6	 6	 92
 	 2	 3076	 	 6	 6	 91
 	 2	 3077	 	 6	 6	 90
 	 2	 3078	 	 6	 6	 89
 	 2	 3079	 	 6	 6	 88
 	 2	 3080	 	 6	 6	 80
 	 2	 3081	 	 6	 6	 81
 	 2	 3082	 	 6	 6	 82
 	 2	 3083	 	 6	 6	 83
 	 2	 3084	 	 6	 6	 84
 	 2	 3085	 	 6	 6	 85
 	 2	 3086	 	 6	 6	 86
 	 2	 3087	 	 6	 6	 87
 	 2	 3088	 	 6	 7	 80
 	 2	 3089	 	 6	 7	 81
 	 2	 3090	 	 6	 7	 82
 	 2	 3091	 	 6	 7	 83
 	 2	 3092	 	 6	 7	 84
 	 2	 3093	 	 6	 7	 85
 	 2	 3094	 	 6	 7	 86
 	 2	 3095	 	 6	 7	 87
 	 2	 3096	 	 6	 7	 95
 	 2	 3097	 	 6	 7	 94
 	 2	 3098	 	 6	 7	 93
 	 2	 3099	 	 6	 7	 92
 	 2	 3100	 	 6	 7	 91
 	 2	 3101	 	 6	 7	 90
 	 2	 3102	 	 6	 7	 89
 	 2	 3103	 	 6	 7	 88
 	 2	 3104	 	 6	 4	 95
 	 2	 3105	 	 6	 4	 94
 	 2	 3106	 	 6	 4	 93
 	 2	 3107	 	 6	 4	 92
 	 2	 3108	 	 6	 4	 91
 	 2	 3109	 	 6	 4	 90
 	 2	 3110	 	 6	 4	 89
 	 2	 3111	 	 6	 4	 88
 	 2	 3112	 	 6	 4	 80
 	 2	 3113	 	 6	 4	 81
 	 2	 3114	 	 6	 4	 82
 	 2	 3115	 	 6	 4	 83
 	 2	 3116	 	 6	 4	 84
 	 2	 3117	 	 6	 4	 85
 	 2	 3118	 	 6	 4	 86
 	 2	 3119	 	 6	 4	 87
 	 2	 3120	 	 6	 5	 80
 	 2	 3121	 	 6	 5	 81
 	 2	 3122	 	 6	 5	 82
 	 2	 3123	 	 6	 5	 83
 	 2	 3124	 	 6	 5	 84
 	 2	 3125	 	 6	 5	 85
 	 2	 3126	 	 6	 5	 86
 	 2	 3127	 	 6	 5	 87
 	 2	 3128	 	 6	 5	 95
 	 2	 3129	 	 6	 5	 94
 	 2	 3130	 	 6	 5	 93
 	 2	 3131	 	 6	 5	 92
 	 2	 3132	 	 6	 5	 91
 	 2	 3133	 	 6	 5	 90
 	 2	 3134	 	 6	 5	 89
 	 2	 3135	 	 6	 5	 88
 	 2	 3136	 	 6	 2	 95
 	 2	 3137	 	 6	 2	 94
 	 2	 3138	 	 6	 2	 93
 	 2	 3139	 	 6	 2	 92
 	 2	 3140	 	 6	 2	 91
 	 2	 3141	 	 6	 2	 90
 	 2	 3142	 	 6	 2	 89
 	 2	 3143	 	 6	 2	 88
 	 2	 3144	 	 6	 2	 80
 	 2	 3145	 	 6	 2	 81
 	 2	 3146	 	 6	 2	 82
 	 2	 3147	 	 6	 2	 83
 	 2	 3148	 	 6	 2	 84
 	 2	 3149	 	 6	 2	 85
 	 2	 3150	 	 6	 2	 86
 	 2	 3151	 	 6	 2	 87
 	 2	 3152	 	 6	 3	 80
 	 2	 3153	 	 6	 3	 81
 	 2	 3154	 	 6	 3	 82
 	 2	 3155	 	 6	 3	 83
 	 2	 3156	 	 6	 3	 84
 	 2	 3157	 	 6	 3	 85
 	 2	 3158	 	 6	 3	 86
 	 2	 3159	 	 6	 3	 87
 	 2	 3160	 	 6	 3	 95
 	 2	 3161	 	 6	 3	 94
 	 2	 3162	 	 6	 3	 93
 	 2	 3163	 	 6	 3	 92
 	 2	 3164	 	 6	 3	 91
 	 2	 3165	 	 6	 3	 90
 	 2	 3166	 	 6	 3	 89
 	 2	 3167	 	 6	 3	 88
 	 2	 3168	 	 6	 0	 95
 	 2	 3169	 	 6	 0	 94
 	 2	 3170	 	 6	 0	 93
 	 2	 3171	 	 6	 0	 92
 	 2	 3172	 	 6	 0	 91
 	 2	 3173	 	 6	 0	 90
 	 2	 3174	 	 6	 0	 89
 	 2	 3175	 	 6	 0	 88
 	 2	 3176	 	 6	 0	 80
 	 2	 3177	 	 6	 0	 81
 	 2	 3178	 	 6	 0	 82
 	 2	 3179	 	 6	 0	 83
 	 2	 3180	 	 6	 0	 84
 	 2	 3181	 	 6	 0	 85
 	 2	 3182	 	 6	 0	 86
 	 2	 3183	 	 6	 0	 87
 	 2	 3184	 	 6	 1	 80
 	 2	 3185	 	 6	 1	 81
 	 2	 3186	 	 6	 1	 82
 	 2	 3187	 	 6	 1	 83
 	 2	 3188	 	 6	 1	 84
 	 2	 3189	 	 6	 1	 85
 	 2	 3190	 	 6	 1	 86
 	 2	 3191	 	 6	 1	 87
 	 2	 3192	 	 6	 1	 95
 	 2	 3193	 	 6	 1	 94
 	 2	 3194	 	 6	 1	 93
 	 2	 3195	 	 6	 1	 92
 	 2	 3196	 	 6	 1	 91
 	 2	 3197	 	 6	 1	 90
 	 2	 3198	 	 6	 1	 89
 	 2	 3199	 	 6	 1	 88
 	 2	 3200	 	 6	 12	 79
 	 2	 3201	 	 6	 12	 78
 	 2	 3202	 	 6	 12	 77
 	 2	 3203	 	 6	 12	 76
 	 2	 3204	 	 6	 12	 75
 	 2	 3205	 	 6	 12	 74
 	 2	 3206	 	 6	 12	 73
 	 2	 3207	 	 6	 12	 72
 	 2	 3208	 	 6	 12	 64
 	 2	 3209	 	 6	 12	 65
 	 2	 3210	 	 6	 12	 66
 	 2	 3211	 	 6	 12	 67
 	 2	 3212	 	 6	 12	 68
 	 2	 3213	 	 6	 12	 69
 	 2	 3214	 	 6	 12	 70
 	 2	 3215	 	 6	 12	 71
 	 2	 3216	 	 6	 13	 64
 	 2	 3217	 	 6	 13	 65
 	 2	 3218	 	 6	 13	 66
 	 2	 3219	 	 6	 13	 67
 	 2	 3220	 	 6	 13	 68
 	 2	 3221	 	 6	 13	 69
 	 2	 3222	 	 6	 13	 70
 	 2	 3223	 	 6	 13	 71
 	 2	 3224	 	 6	 13	 79
 	 2	 3225	 	 6	 13	 78
 	 2	 3226	 	 6	 13	 77
 	 2	 3227	 	 6	 13	 76
 	 2	 3228	 	 6	 13	 75
 	 2	 3229	 	 6	 13	 74
 	 2	 3230	 	 6	 13	 73
 	 2	 3231	 	 6	 13	 72
 	 2	 3232	 	 6	 10	 79
 	 2	 3233	 	 6	 10	 78
 	 2	 3234	 	 6	 10	 77
 	 2	 3235	 	 6	 10	 76
 	 2	 3236	 	 6	 10	 75
 	 2	 3237	 	 6	 10	 74
 	 2	 3238	 	 6	 10	 73
 	 2	 3239	 	 6	 10	 72
 	 2	 3240	 	 6	 10	 64
 	 2	 3241	 	 6	 10	 65
 	 2	 3242	 	 6	 10	 66
 	 2	 3243	 	 6	 10	 67
 	 2	 3244	 	 6	 10	 68
 	 2	 3245	 	 6	 10	 69
 	 2	 3246	 	 6	 10	 70
 	 2	 3247	 	 6	 10	 71
 	 2	 3248	 	 6	 11	 64
 	 2	 3249	 	 6	 11	 65
 	 2	 3250	 	 6	 11	 66
 	 2	 3251	 	 6	 11	 67
 	 2	 3252	 	 6	 11	 68
 	 2	 3253	 	 6	 11	 69
 	 2	 3254	 	 6	 11	 70
 	 2	 3255	 	 6	 11	 71
 	 2	 3256	 	 6	 11	 79
 	 2	 3257	 	 6	 11	 78
 	 2	 3258	 	 6	 11	 77
 	 2	 3259	 	 6	 11	 76
 	 2	 3260	 	 6	 11	 75
 	 2	 3261	 	 6	 11	 74
 	 2	 3262	 	 6	 11	 73
 	 2	 3263	 	 6	 11	 72
 	 2	 3264	 	 6	 12	 63
 	 2	 3265	 	 6	 12	 62
 	 2	 3266	 	 6	 12	 61
 	 2	 3267	 	 6	 12	 60
 	 2	 3268	 	 6	 12	 59
 	 2	 3269	 	 6	 12	 58
 	 2	 3270	 	 6	 12	 57
 	 2	 3271	 	 6	 12	 56
 	 2	 3272	 	 6	 12	 48
 	 2	 3273	 	 6	 12	 49
 	 2	 3274	 	 6	 12	 50
 	 2	 3275	 	 6	 12	 51
 	 2	 3276	 	 6	 12	 52
 	 2	 3277	 	 6	 12	 53
 	 2	 3278	 	 6	 12	 54
 	 2	 3279	 	 6	 12	 55
 	 2	 3280	 	 6	 13	 48
 	 2	 3281	 	 6	 13	 49
 	 2	 3282	 	 6	 13	 50
 	 2	 3283	 	 6	 13	 51
 	 2	 3284	 	 6	 13	 52
 	 2	 3285	 	 6	 13	 53
 	 2	 3286	 	 6	 13	 54
 	 2	 3287	 	 6	 13	 55
 	 2	 3288	 	 6	 13	 63
 	 2	 3289	 	 6	 13	 62
 	 2	 3290	 	 6	 13	 61
 	 2	 3291	 	 6	 13	 60
 	 2	 3292	 	 6	 13	 59
 	 2	 3293	 	 6	 13	 58
 	 2	 3294	 	 6	 13	 57
 	 2	 3295	 	 6	 13	 56
 	 2	 3296	 	 6	 10	 63
 	 2	 3297	 	 6	 10	 62
 	 2	 3298	 	 6	 10	 61
 	 2	 3299	 	 6	 10	 60
 	 2	 3300	 	 6	 10	 59
 	 2	 3301	 	 6	 10	 58
 	 2	 3302	 	 6	 10	 57
 	 2	 3303	 	 6	 10	 56
 	 2	 3304	 	 6	 10	 48
 	 2	 3305	 	 6	 10	 49
 	 2	 3306	 	 6	 10	 50
 	 2	 3307	 	 6	 10	 51
 	 2	 3308	 	 6	 10	 52
 	 2	 3309	 	 6	 10	 53
 	 2	 3310	 	 6	 10	 54
 	 2	 3311	 	 6	 10	 55
 	 2	 3312	 	 6	 11	 48
 	 2	 3313	 	 6	 11	 49
 	 2	 3314	 	 6	 11	 50
 	 2	 3315	 	 6	 11	 51
 	 2	 3316	 	 6	 11	 52
 	 2	 3317	 	 6	 11	 53
 	 2	 3318	 	 6	 11	 54
 	 2	 3319	 	 6	 11	 55
 	 2	 3320	 	 6	 11	 63
 	 2	 3321	 	 6	 11	 62
 	 2	 3322	 	 6	 11	 61
 	 2	 3323	 	 6	 11	 60
 	 2	 3324	 	 6	 11	 59
 	 2	 3325	 	 6	 11	 58
 	 2	 3326	 	 6	 11	 57
 	 2	 3327	 	 6	 11	 56
 	 2	 3328	 	 6	 16	 79
 	 2	 3329	 	 6	 16	 78
 	 2	 3330	 	 6	 16	 77
 	 2	 3331	 	 6	 16	 76
 	 2	 3332	 	 6	 16	 75
 	 2	 3333	 	 6	 16	 74
 	 2	 3334	 	 6	 16	 73
 	 2	 3335	 	 6	 16	 72
 	 2	 3336	 	 6	 16	 64
 	 2	 3337	 	 6	 16	 65
 	 2	 3338	 	 6	 16	 66
 	 2	 3339	 	 6	 16	 67
 	 2	 3340	 	 6	 16	 68
 	 2	 3341	 	 6	 16	 69
 	 2	 3342	 	 6	 16	 70
 	 2	 3343	 	 6	 16	 71
 	 2	 3344	 	 6	 17	 64
 	 2	 3345	 	 6	 17	 65
 	 2	 3346	 	 6	 17	 66
 	 2	 3347	 	 6	 17	 67
 	 2	 3348	 	 6	 17	 68
 	 2	 3349	 	 6	 17	 69
 	 2	 3350	 	 6	 17	 70
 	 2	 3351	 	 6	 17	 71
 	 2	 3352	 	 6	 17	 79
 	 2	 3353	 	 6	 17	 78
 	 2	 3354	 	 6	 17	 77
 	 2	 3355	 	 6	 17	 76
 	 2	 3356	 	 6	 17	 75
 	 2	 3357	 	 6	 17	 74
 	 2	 3358	 	 6	 17	 73
 	 2	 3359	 	 6	 17	 72
 	 2	 3360	 	 6	 14	 79
 	 2	 3361	 	 6	 14	 78
 	 2	 3362	 	 6	 14	 77
 	 2	 3363	 	 6	 14	 76
 	 2	 3364	 	 6	 14	 75
 	 2	 3365	 	 6	 14	 74
 	 2	 3366	 	 6	 14	 73
 	 2	 3367	 	 6	 14	 72
 	 2	 3368	 	 6	 14	 64
 	 2	 3369	 	 6	 14	 65
 	 2	 3370	 	 6	 14	 66
 	 2	 3371	 	 6	 14	 67
 	 2	 3372	 	 6	 14	 68
 	 2	 3373	 	 6	 14	 69
 	 2	 3374	 	 6	 14	 70
 	 2	 3375	 	 6	 14	 71
 	 2	 3376	 	 6	 15	 64
 	 2	 3377	 	 6	 15	 65
 	 2	 3378	 	 6	 15	 66
 	 2	 3379	 	 6	 15	 67
 	 2	 3380	 	 6	 15	 68
 	 2	 3381	 	 6	 15	 69
 	 2	 3382	 	 6	 15	 70
 	 2	 3383	 	 6	 15	 71
 	 2	 3384	 	 6	 15	 79
 	 2	 3385	 	 6	 15	 78
 	 2	 3386	 	 6	 15	 77
 	 2	 3387	 	 6	 15	 76
 	 2	 3388	 	 6	 15	 75
 	 2	 3389	 	 6	 15	 74
 	 2	 3390	 	 6	 15	 73
 	 2	 3391	 	 6	 15	 72
 	 2	 3392	 	 6	 16	 63
 	 2	 3393	 	 6	 16	 62
 	 2	 3394	 	 6	 16	 61
 	 2	 3395	 	 6	 16	 60
 	 2	 3396	 	 6	 16	 59
 	 2	 3397	 	 6	 16	 58
 	 2	 3398	 	 6	 16	 57
 	 2	 3399	 	 6	 16	 56
 	 2	 3400	 	 6	 16	 48
 	 2	 3401	 	 6	 16	 49
 	 2	 3402	 	 6	 16	 50
 	 2	 3403	 	 6	 16	 51
 	 2	 3404	 	 6	 16	 52
 	 2	 3405	 	 6	 16	 53
 	 2	 3406	 	 6	 16	 54
 	 2	 3407	 	 6	 16	 55
 	 2	 3408	 	 6	 17	 48
 	 2	 3409	 	 6	 17	 49
 	 2	 3410	 	 6	 17	 50
 	 2	 3411	 	 6	 17	 51
 	 2	 3412	 	 6	 17	 52
 	 2	 3413	 	 6	 17	 53
 	 2	 3414	 	 6	 17	 54
 	 2	 3415	 	 6	 17	 55
 	 2	 3416	 	 6	 17	 63
 	 2	 3417	 	 6	 17	 62
 	 2	 3418	 	 6	 17	 61
 	 2	 3419	 	 6	 17	 60
 	 2	 3420	 	 6	 17	 59
 	 2	 3421	 	 6	 17	 58
 	 2	 3422	 	 6	 17	 57
 	 2	 3423	 	 6	 17	 56
 	 2	 3424	 	 6	 14	 63
 	 2	 3425	 	 6	 14	 62
 	 2	 3426	 	 6	 14	 61
 	 2	 3427	 	 6	 14	 60
 	 2	 3428	 	 6	 14	 59
 	 2	 3429	 	 6	 14	 58
 	 2	 3430	 	 6	 14	 57
 	 2	 3431	 	 6	 14	 56
 	 2	 3432	 	 6	 14	 48
 	 2	 3433	 	 6	 14	 49
 	 2	 3434	 	 6	 14	 50
 	 2	 3435	 	 6	 14	 51
 	 2	 3436	 	 6	 14	 52
 	 2	 3437	 	 6	 14	 53
 	 2	 3438	 	 6	 14	 54
 	 2	 3439	 	 6	 14	 55
 	 2	 3440	 	 6	 15	 48
 	 2	 3441	 	 6	 15	 49
 	 2	 3442	 	 6	 15	 50
 	 2	 3443	 	 6	 15	 51
 	 2	 3444	 	 6	 15	 52
 	 2	 3445	 	 6	 15	 53
 	 2	 3446	 	 6	 15	 54
 	 2	 3447	 	 6	 15	 55
 	 2	 3448	 	 6	 15	 63
 	 2	 3449	 	 6	 15	 62
 	 2	 3450	 	 6	 15	 61
 	 2	 3451	 	 6	 15	 60
 	 2	 3452	 	 6	 15	 59
 	 2	 3453	 	 6	 15	 58
 	 2	 3454	 	 6	 15	 57
 	 2	 3455	 	 6	 15	 56
 	 2	 3456	 	 6	 14	 95
 	 2	 3457	 	 6	 14	 94
 	 2	 3458	 	 6	 14	 93
 	 2	 3459	 	 6	 14	 92
 	 2	 3460	 	 6	 14	 91
 	 2	 3461	 	 6	 14	 90
 	 2	 3462	 	 6	 14	 89
 	 2	 3463	 	 6	 14	 88
 	 2	 3464	 	 6	 14	 80
 	 2	 3465	 	 6	 14	 81
 	 2	 3466	 	 6	 14	 82
 	 2	 3467	 	 6	 14	 83
 	 2	 3468	 	 6	 14	 84
 	 2	 3469	 	 6	 14	 85
 	 2	 3470	 	 6	 14	 86
 	 2	 3471	 	 6	 14	 87
 	 2	 3472	 	 6	 15	 80
 	 2	 3473	 	 6	 15	 81
 	 2	 3474	 	 6	 15	 82
 	 2	 3475	 	 6	 15	 83
 	 2	 3476	 	 6	 15	 84
 	 2	 3477	 	 6	 15	 85
 	 2	 3478	 	 6	 15	 86
 	 2	 3479	 	 6	 15	 87
 	 2	 3480	 	 6	 15	 95
 	 2	 3481	 	 6	 15	 94
 	 2	 3482	 	 6	 15	 93
 	 2	 3483	 	 6	 15	 92
 	 2	 3484	 	 6	 15	 91
 	 2	 3485	 	 6	 15	 90
 	 2	 3486	 	 6	 15	 89
 	 2	 3487	 	 6	 15	 88
 	 2	 3488	 	 6	 12	 95
 	 2	 3489	 	 6	 12	 94
 	 2	 3490	 	 6	 12	 93
 	 2	 3491	 	 6	 12	 92
 	 2	 3492	 	 6	 12	 91
 	 2	 3493	 	 6	 12	 90
 	 2	 3494	 	 6	 12	 89
 	 2	 3495	 	 6	 12	 88
 	 2	 3496	 	 6	 12	 80
 	 2	 3497	 	 6	 12	 81
 	 2	 3498	 	 6	 12	 82
 	 2	 3499	 	 6	 12	 83
 	 2	 3500	 	 6	 12	 84
 	 2	 3501	 	 6	 12	 85
 	 2	 3502	 	 6	 12	 86
 	 2	 3503	 	 6	 12	 87
 	 2	 3504	 	 6	 13	 80
 	 2	 3505	 	 6	 13	 81
 	 2	 3506	 	 6	 13	 82
 	 2	 3507	 	 6	 13	 83
 	 2	 3508	 	 6	 13	 84
 	 2	 3509	 	 6	 13	 85
 	 2	 3510	 	 6	 13	 86
 	 2	 3511	 	 6	 13	 87
 	 2	 3512	 	 6	 13	 95
 	 2	 3513	 	 6	 13	 94
 	 2	 3514	 	 6	 13	 93
 	 2	 3515	 	 6	 13	 92
 	 2	 3516	 	 6	 13	 91
 	 2	 3517	 	 6	 13	 90
 	 2	 3518	 	 6	 13	 89
 	 2	 3519	 	 6	 13	 88
 	 2	 3520	 	 6	 10	 95
 	 2	 3521	 	 6	 10	 94
 	 2	 3522	 	 6	 10	 93
 	 2	 3523	 	 6	 10	 92
 	 2	 3524	 	 6	 10	 91
 	 2	 3525	 	 6	 10	 90
 	 2	 3526	 	 6	 10	 89
 	 2	 3527	 	 6	 10	 88
 	 2	 3528	 	 6	 10	 80
 	 2	 3529	 	 6	 10	 81
 	 2	 3530	 	 6	 10	 82
 	 2	 3531	 	 6	 10	 83
 	 2	 3532	 	 6	 10	 84
 	 2	 3533	 	 6	 10	 85
 	 2	 3534	 	 6	 10	 86
 	 2	 3535	 	 6	 10	 87
 	 2	 3536	 	 6	 11	 80
 	 2	 3537	 	 6	 11	 81
 	 2	 3538	 	 6	 11	 82
 	 2	 3539	 	 6	 11	 83
 	 2	 3540	 	 6	 11	 84
 	 2	 3541	 	 6	 11	 85
 	 2	 3542	 	 6	 11	 86
 	 2	 3543	 	 6	 11	 87
 	 2	 3544	 	 6	 11	 95
 	 2	 3545	 	 6	 11	 94
 	 2	 3546	 	 6	 11	 93
 	 2	 3547	 	 6	 11	 92
 	 2	 3548	 	 6	 11	 91
 	 2	 3549	 	 6	 11	 90
 	 2	 3550	 	 6	 11	 89
 	 2	 3551	 	 6	 11	 88
 	 2	 3552	 	 6	 8	 95
 	 2	 3553	 	 6	 8	 94
 	 2	 3554	 	 6	 8	 93
 	 2	 3555	 	 6	 8	 92
 	 2	 3556	 	 6	 8	 91
 	 2	 3557	 	 6	 8	 90
 	 2	 3558	 	 6	 8	 89
 	 2	 3559	 	 6	 8	 88
 	 2	 3560	 	 6	 8	 80
 	 2	 3561	 	 6	 8	 81
 	 2	 3562	 	 6	 8	 82
 	 2	 3563	 	 6	 8	 83
 	 2	 3564	 	 6	 8	 84
 	 2	 3565	 	 6	 8	 85
 	 2	 3566	 	 6	 8	 86
 	 2	 3567	 	 6	 8	 87
 	 2	 3568	 	 6	 9	 80
 	 2	 3569	 	 6	 9	 81
 	 2	 3570	 	 6	 9	 82
 	 2	 3571	 	 6	 9	 83
 	 2	 3572	 	 6	 9	 84
 	 2	 3573	 	 6	 9	 85
 	 2	 3574	 	 6	 9	 86
 	 2	 3575	 	 6	 9	 87
 	 2	 3576	 	 6	 9	 95
 	 2	 3577	 	 6	 9	 94
 	 2	 3578	 	 6	 9	 93
 	 2	 3579	 	 6	 9	 92
 	 2	 3580	 	 6	 9	 91
 	 2	 3581	 	 6	 9	 90
 	 2	 3582	 	 6	 9	 89
 	 2	 3583	 	 6	 9	 88
 	 2	 3584	 	 6	 20	 79
 	 2	 3585	 	 6	 20	 78
 	 2	 3586	 	 6	 20	 77
 	 2	 3587	 	 6	 20	 76
 	 2	 3588	 	 6	 20	 75
 	 2	 3589	 	 6	 20	 74
 	 2	 3590	 	 6	 20	 73
 	 2	 3591	 	 6	 20	 72
 	 2	 3592	 	 6	 20	 64
 	 2	 3593	 	 6	 20	 65
 	 2	 3594	 	 6	 20	 66
 	 2	 3595	 	 6	 20	 67
 	 2	 3596	 	 6	 20	 68
 	 2	 3597	 	 6	 20	 69
 	 2	 3598	 	 6	 20	 70
 	 2	 3599	 	 6	 20	 71
 	 2	 3600	 	 6	 21	 64
 	 2	 3601	 	 6	 21	 65
 	 2	 3602	 	 6	 21	 66
 	 2	 3603	 	 6	 21	 67
 	 2	 3604	 	 6	 21	 68
 	 2	 3605	 	 6	 21	 69
 	 2	 3606	 	 6	 21	 70
 	 2	 3607	 	 6	 21	 71
 	 2	 3608	 	 6	 21	 79
 	 2	 3609	 	 6	 21	 78
 	 2	 3610	 	 6	 21	 77
 	 2	 3611	 	 6	 21	 76
 	 2	 3612	 	 6	 21	 75
 	 2	 3613	 	 6	 21	 74
 	 2	 3614	 	 6	 21	 73
 	 2	 3615	 	 6	 21	 72
 	 2	 3616	 	 6	 18	 79
 	 2	 3617	 	 6	 18	 78
 	 2	 3618	 	 6	 18	 77
 	 2	 3619	 	 6	 18	 76
 	 2	 3620	 	 6	 18	 75
 	 2	 3621	 	 6	 18	 74
 	 2	 3622	 	 6	 18	 73
 	 2	 3623	 	 6	 18	 72
 	 2	 3624	 	 6	 18	 64
 	 2	 3625	 	 6	 18	 65
 	 2	 3626	 	 6	 18	 66
 	 2	 3627	 	 6	 18	 67
 	 2	 3628	 	 6	 18	 68
 	 2	 3629	 	 6	 18	 69
 	 2	 3630	 	 6	 18	 70
 	 2	 3631	 	 6	 18	 71
 	 2	 3632	 	 6	 19	 64
 	 2	 3633	 	 6	 19	 65
 	 2	 3634	 	 6	 19	 66
 	 2	 3635	 	 6	 19	 67
 	 2	 3636	 	 6	 19	 68
 	 2	 3637	 	 6	 19	 69
 	 2	 3638	 	 6	 19	 70
 	 2	 3639	 	 6	 19	 71
 	 2	 3640	 	 6	 19	 79
 	 2	 3641	 	 6	 19	 78
 	 2	 3642	 	 6	 19	 77
 	 2	 3643	 	 6	 19	 76
 	 2	 3644	 	 6	 19	 75
 	 2	 3645	 	 6	 19	 74
 	 2	 3646	 	 6	 19	 73
 	 2	 3647	 	 6	 19	 72
 	 2	 3648	 	 6	 20	 63
 	 2	 3649	 	 6	 20	 62
 	 2	 3650	 	 6	 20	 61
 	 2	 3651	 	 6	 20	 60
 	 2	 3652	 	 6	 20	 59
 	 2	 3653	 	 6	 20	 58
 	 2	 3654	 	 6	 20	 57
 	 2	 3655	 	 6	 20	 56
 	 2	 3656	 	 6	 20	 48
 	 2	 3657	 	 6	 20	 49
 	 2	 3658	 	 6	 20	 50
 	 2	 3659	 	 6	 20	 51
 	 2	 3660	 	 6	 20	 52
 	 2	 3661	 	 6	 20	 53
 	 2	 3662	 	 6	 20	 54
 	 2	 3663	 	 6	 20	 55
 	 2	 3664	 	 6	 21	 48
 	 2	 3665	 	 6	 21	 49
 	 2	 3666	 	 6	 21	 50
 	 2	 3667	 	 6	 21	 51
 	 2	 3668	 	 6	 21	 52
 	 2	 3669	 	 6	 21	 53
 	 2	 3670	 	 6	 21	 54
 	 2	 3671	 	 6	 21	 55
 	 2	 3672	 	 6	 21	 63
 	 2	 3673	 	 6	 21	 62
 	 2	 3674	 	 6	 21	 61
 	 2	 3675	 	 6	 21	 60
 	 2	 3676	 	 6	 21	 59
 	 2	 3677	 	 6	 21	 58
 	 2	 3678	 	 6	 21	 57
 	 2	 3679	 	 6	 21	 56
 	 2	 3680	 	 6	 18	 63
 	 2	 3681	 	 6	 18	 62
 	 2	 3682	 	 6	 18	 61
 	 2	 3683	 	 6	 18	 60
 	 2	 3684	 	 6	 18	 59
 	 2	 3685	 	 6	 18	 58
 	 2	 3686	 	 6	 18	 57
 	 2	 3687	 	 6	 18	 56
 	 2	 3688	 	 6	 18	 48
 	 2	 3689	 	 6	 18	 49
 	 2	 3690	 	 6	 18	 50
 	 2	 3691	 	 6	 18	 51
 	 2	 3692	 	 6	 18	 52
 	 2	 3693	 	 6	 18	 53
 	 2	 3694	 	 6	 18	 54
 	 2	 3695	 	 6	 18	 55
 	 2	 3696	 	 6	 19	 48
 	 2	 3697	 	 6	 19	 49
 	 2	 3698	 	 6	 19	 50
 	 2	 3699	 	 6	 19	 51
 	 2	 3700	 	 6	 19	 52
 	 2	 3701	 	 6	 19	 53
 	 2	 3702	 	 6	 19	 54
 	 2	 3703	 	 6	 19	 55
 	 2	 3704	 	 6	 19	 63
 	 2	 3705	 	 6	 19	 62
 	 2	 3706	 	 6	 19	 61
 	 2	 3707	 	 6	 19	 60
 	 2	 3708	 	 6	 19	 59
 	 2	 3709	 	 6	 19	 58
 	 2	 3710	 	 6	 19	 57
 	 2	 3711	 	 6	 19	 56
 	 2	 3712	 	 6	 24	 79
 	 2	 3713	 	 6	 24	 78
 	 2	 3714	 	 6	 24	 77
 	 2	 3715	 	 6	 24	 76
 	 2	 3716	 	 6	 24	 75
 	 2	 3717	 	 6	 24	 74
 	 2	 3718	 	 6	 24	 73
 	 2	 3719	 	 6	 24	 72
 	 2	 3720	 	 6	 24	 64
 	 2	 3721	 	 6	 24	 65
 	 2	 3722	 	 6	 24	 66
 	 2	 3723	 	 6	 24	 67
 	 2	 3724	 	 6	 24	 68
 	 2	 3725	 	 6	 24	 69
 	 2	 3726	 	 6	 24	 70
 	 2	 3727	 	 6	 24	 71
 	 2	 3728	 	 6	 25	 64
 	 2	 3729	 	 6	 25	 65
 	 2	 3730	 	 6	 25	 66
 	 2	 3731	 	 6	 25	 67
 	 2	 3732	 	 6	 25	 68
 	 2	 3733	 	 6	 25	 69
 	 2	 3734	 	 6	 25	 70
 	 2	 3735	 	 6	 25	 71
 	 2	 3736	 	 6	 25	 79
 	 2	 3737	 	 6	 25	 78
 	 2	 3738	 	 6	 25	 77
 	 2	 3739	 	 6	 25	 76
 	 2	 3740	 	 6	 25	 75
 	 2	 3741	 	 6	 25	 74
 	 2	 3742	 	 6	 25	 73
 	 2	 3743	 	 6	 25	 72
 	 2	 3744	 	 6	 22	 79
 	 2	 3745	 	 6	 22	 78
 	 2	 3746	 	 6	 22	 77
 	 2	 3747	 	 6	 22	 76
 	 2	 3748	 	 6	 22	 75
 	 2	 3749	 	 6	 22	 74
 	 2	 3750	 	 6	 22	 73
 	 2	 3751	 	 6	 22	 72
 	 2	 3752	 	 6	 22	 64
 	 2	 3753	 	 6	 22	 65
 	 2	 3754	 	 6	 22	 66
 	 2	 3755	 	 6	 22	 67
 	 2	 3756	 	 6	 22	 68
 	 2	 3757	 	 6	 22	 69
 	 2	 3758	 	 6	 22	 70
 	 2	 3759	 	 6	 22	 71
 	 2	 3760	 	 6	 23	 64
 	 2	 3761	 	 6	 23	 65
 	 2	 3762	 	 6	 23	 66
 	 2	 3763	 	 6	 23	 67
 	 2	 3764	 	 6	 23	 68
 	 2	 3765	 	 6	 23	 69
 	 2	 3766	 	 6	 23	 70
 	 2	 3767	 	 6	 23	 71
 	 2	 3768	 	 6	 23	 79
 	 2	 3769	 	 6	 23	 78
 	 2	 3770	 	 6	 23	 77
 	 2	 3771	 	 6	 23	 76
 	 2	 3772	 	 6	 23	 75
 	 2	 3773	 	 6	 23	 74
 	 2	 3774	 	 6	 23	 73
 	 2	 3775	 	 6	 23	 72
 	 2	 3776	 	 6	 24	 63
 	 2	 3777	 	 6	 24	 62
 	 2	 3778	 	 6	 24	 61
 	 2	 3779	 	 6	 24	 60
 	 2	 3780	 	 6	 24	 59
 	 2	 3781	 	 6	 24	 58
 	 2	 3782	 	 6	 24	 57
 	 2	 3783	 	 6	 24	 56
 	 2	 3784	 	 6	 24	 48
 	 2	 3785	 	 6	 24	 49
 	 2	 3786	 	 6	 24	 50
 	 2	 3787	 	 6	 24	 51
 	 2	 3788	 	 6	 24	 52
 	 2	 3789	 	 6	 24	 53
 	 2	 3790	 	 6	 24	 54
 	 2	 3791	 	 6	 24	 55
 	 2	 3792	 	 6	 25	 48
 	 2	 3793	 	 6	 25	 49
 	 2	 3794	 	 6	 25	 50
 	 2	 3795	 	 6	 25	 51
 	 2	 3796	 	 6	 25	 52
 	 2	 3797	 	 6	 25	 53
 	 2	 3798	 	 6	 25	 54
 	 2	 3799	 	 6	 25	 55
 	 2	 3800	 	 6	 25	 63
 	 2	 3801	 	 6	 25	 62
 	 2	 3802	 	 6	 25	 61
 	 2	 3803	 	 6	 25	 60
 	 2	 3804	 	 6	 25	 59
 	 2	 3805	 	 6	 25	 58
 	 2	 3806	 	 6	 25	 57
 	 2	 3807	 	 6	 25	 56
 	 2	 3808	 	 6	 22	 63
 	 2	 3809	 	 6	 22	 62
 	 2	 3810	 	 6	 22	 61
 	 2	 3811	 	 6	 22	 60
 	 2	 3812	 	 6	 22	 59
 	 2	 3813	 	 6	 22	 58
 	 2	 3814	 	 6	 22	 57
 	 2	 3815	 	 6	 22	 56
 	 2	 3816	 	 6	 22	 48
 	 2	 3817	 	 6	 22	 49
 	 2	 3818	 	 6	 22	 50
 	 2	 3819	 	 6	 22	 51
 	 2	 3820	 	 6	 22	 52
 	 2	 3821	 	 6	 22	 53
 	 2	 3822	 	 6	 22	 54
 	 2	 3823	 	 6	 22	 55
 	 2	 3824	 	 6	 23	 48
 	 2	 3825	 	 6	 23	 49
 	 2	 3826	 	 6	 23	 50
 	 2	 3827	 	 6	 23	 51
 	 2	 3828	 	 6	 23	 52
 	 2	 3829	 	 6	 23	 53
 	 2	 3830	 	 6	 23	 54
 	 2	 3831	 	 6	 23	 55
 	 2	 3832	 	 6	 23	 63
 	 2	 3833	 	 6	 23	 62
 	 2	 3834	 	 6	 23	 61
 	 2	 3835	 	 6	 23	 60
 	 2	 3836	 	 6	 23	 59
 	 2	 3837	 	 6	 23	 58
 	 2	 3838	 	 6	 23	 57
 	 2	 3839	 	 6	 23	 56
 	 2	 3840	 	 6	 22	 95
 	 2	 3841	 	 6	 22	 94
 	 2	 3842	 	 6	 22	 93
 	 2	 3843	 	 6	 22	 92
 	 2	 3844	 	 6	 22	 91
 	 2	 3845	 	 6	 22	 90
 	 2	 3846	 	 6	 22	 89
 	 2	 3847	 	 6	 22	 88
 	 2	 3848	 	 6	 22	 80
 	 2	 3849	 	 6	 22	 81
 	 2	 3850	 	 6	 22	 82
 	 2	 3851	 	 6	 22	 83
 	 2	 3852	 	 6	 22	 84
 	 2	 3853	 	 6	 22	 85
 	 2	 3854	 	 6	 22	 86
 	 2	 3855	 	 6	 22	 87
 	 2	 3856	 	 6	 23	 80
 	 2	 3857	 	 6	 23	 81
 	 2	 3858	 	 6	 23	 82
 	 2	 3859	 	 6	 23	 83
 	 2	 3860	 	 6	 23	 84
 	 2	 3861	 	 6	 23	 85
 	 2	 3862	 	 6	 23	 86
 	 2	 3863	 	 6	 23	 87
 	 2	 3864	 	 6	 23	 95
 	 2	 3865	 	 6	 23	 94
 	 2	 3866	 	 6	 23	 93
 	 2	 3867	 	 6	 23	 92
 	 2	 3868	 	 6	 23	 91
 	 2	 3869	 	 6	 23	 90
 	 2	 3870	 	 6	 23	 89
 	 2	 3871	 	 6	 23	 88
 	 2	 3872	 	 6	 20	 95
 	 2	 3873	 	 6	 20	 94
 	 2	 3874	 	 6	 20	 93
 	 2	 3875	 	 6	 20	 92
 	 2	 3876	 	 6	 20	 91
 	 2	 3877	 	 6	 20	 90
 	 2	 3878	 	 6	 20	 89
 	 2	 3879	 	 6	 20	 88
 	 2	 3880	 	 6	 20	 80
 	 2	 3881	 	 6	 20	 81
 	 2	 3882	 	 6	 20	 82
 	 2	 3883	 	 6	 20	 83
 	 2	 3884	 	 6	 20	 84
 	 2	 3885	 	 6	 20	 85
 	 2	 3886	 	 6	 20	 86
 	 2	 3887	 	 6	 20	 87
 	 2	 3888	 	 6	 21	 80
 	 2	 3889	 	 6	 21	 81
 	 2	 3890	 	 6	 21	 82
 	 2	 3891	 	 6	 21	 83
 	 2	 3892	 	 6	 21	 84
 	 2	 3893	 	 6	 21	 85
 	 2	 3894	 	 6	 21	 86
 	 2	 3895	 	 6	 21	 87
 	 2	 3896	 	 6	 21	 95
 	 2	 3897	 	 6	 21	 94
 	 2	 3898	 	 6	 21	 93
 	 2	 3899	 	 6	 21	 92
 	 2	 3900	 	 6	 21	 91
 	 2	 3901	 	 6	 21	 90
 	 2	 3902	 	 6	 21	 89
 	 2	 3903	 	 6	 21	 88
 	 2	 3904	 	 6	 18	 95
 	 2	 3905	 	 6	 18	 94
 	 2	 3906	 	 6	 18	 93
 	 2	 3907	 	 6	 18	 92
 	 2	 3908	 	 6	 18	 91
 	 2	 3909	 	 6	 18	 90
 	 2	 3910	 	 6	 18	 89
 	 2	 3911	 	 6	 18	 88
 	 2	 3912	 	 6	 18	 80
 	 2	 3913	 	 6	 18	 81
 	 2	 3914	 	 6	 18	 82
 	 2	 3915	 	 6	 18	 83
 	 2	 3916	 	 6	 18	 84
 	 2	 3917	 	 6	 18	 85
 	 2	 3918	 	 6	 18	 86
 	 2	 3919	 	 6	 18	 87
 	 2	 3920	 	 6	 19	 80
 	 2	 3921	 	 6	 19	 81
 	 2	 3922	 	 6	 19	 82
 	 2	 3923	 	 6	 19	 83
 	 2	 3924	 	 6	 19	 84
 	 2	 3925	 	 6	 19	 85
 	 2	 3926	 	 6	 19	 86
 	 2	 3927	 	 6	 19	 87
 	 2	 3928	 	 6	 19	 95
 	 2	 3929	 	 6	 19	 94
 	 2	 3930	 	 6	 19	 93
 	 2	 3931	 	 6	 19	 92
 	 2	 3932	 	 6	 19	 91
 	 2	 3933	 	 6	 19	 90
 	 2	 3934	 	 6	 19	 89
 	 2	 3935	 	 6	 19	 88
 	 2	 3936	 	 6	 16	 95
 	 2	 3937	 	 6	 16	 94
 	 2	 3938	 	 6	 16	 93
 	 2	 3939	 	 6	 16	 92
 	 2	 3940	 	 6	 16	 91
 	 2	 3941	 	 6	 16	 90
 	 2	 3942	 	 6	 16	 89
 	 2	 3943	 	 6	 16	 88
 	 2	 3944	 	 6	 16	 80
 	 2	 3945	 	 6	 16	 81
 	 2	 3946	 	 6	 16	 82
 	 2	 3947	 	 6	 16	 83
 	 2	 3948	 	 6	 16	 84
 	 2	 3949	 	 6	 16	 85
 	 2	 3950	 	 6	 16	 86
 	 2	 3951	 	 6	 16	 87
 	 2	 3952	 	 6	 17	 80
 	 2	 3953	 	 6	 17	 81
 	 2	 3954	 	 6	 17	 82
 	 2	 3955	 	 6	 17	 83
 	 2	 3956	 	 6	 17	 84
 	 2	 3957	 	 6	 17	 85
 	 2	 3958	 	 6	 17	 86
 	 2	 3959	 	 6	 17	 87
 	 2	 3960	 	 6	 17	 95
 	 2	 3961	 	 6	 17	 94
 	 2	 3962	 	 6	 17	 93
 	 2	 3963	 	 6	 17	 92
 	 2	 3964	 	 6	 17	 91
 	 2	 3965	 	 6	 17	 90
 	 2	 3966	 	 6	 17	 89
 	 2	 3967	 	 6	 17	 88
 	 2	 3968	 	 6	 26	 95
 	 2	 3969	 	 6	 26	 94
 	 2	 3970	 	 6	 26	 93
 	 2	 3971	 	 6	 26	 92
 	 2	 3972	 	 6	 26	 91
 	 2	 3973	 	 6	 26	 90
 	 2	 3974	 	 6	 26	 89
 	 2	 3975	 	 6	 26	 88
 	 2	 3976	 	 6	 26	 80
 	 2	 3977	 	 6	 26	 81
 	 2	 3978	 	 6	 26	 82
 	 2	 3979	 	 6	 26	 83
 	 2	 3980	 	 6	 26	 84
 	 2	 3981	 	 6	 26	 85
 	 2	 3982	 	 6	 26	 86
 	 2	 3983	 	 6	 26	 87
 	 2	 3984	 	 6	 27	 80
 	 2	 3985	 	 6	 27	 81
 	 2	 3986	 	 6	 27	 82
 	 2	 3987	 	 6	 27	 83
 	 2	 3988	 	 6	 27	 84
 	 2	 3989	 	 6	 27	 85
 	 2	 3990	 	 6	 27	 86
 	 2	 3991	 	 6	 27	 87
 	 2	 3992	 	 6	 27	 95
 	 2	 3993	 	 6	 27	 94
 	 2	 3994	 	 6	 27	 93
 	 2	 3995	 	 6	 27	 92
 	 2	 3996	 	 6	 27	 91
 	 2	 3997	 	 6	 27	 90
 	 2	 3998	 	 6	 27	 89
 	 2	 3999	 	 6	 27	 88
 	 2	 4000	 	 6	 24	 95
 	 2	 4001	 	 6	 24	 94
 	 2	 4002	 	 6	 24	 93
 	 2	 4003	 	 6	 24	 92
 	 2	 4004	 	 6	 24	 91
 	 2	 4005	 	 6	 24	 90
 	 2	 4006	 	 6	 24	 89
 	 2	 4007	 	 6	 24	 88
 	 2	 4008	 	 6	 24	 80
 	 2	 4009	 	 6	 24	 81
 	 2	 4010	 	 6	 24	 82
 	 2	 4011	 	 6	 24	 83
 	 2	 4012	 	 6	 24	 84
 	 2	 4013	 	 6	 24	 85
 	 2	 4014	 	 6	 24	 86
 	 2	 4015	 	 6	 24	 87
 	 2	 4016	 	 6	 25	 80
 	 2	 4017	 	 6	 25	 81
 	 2	 4018	 	 6	 25	 82
 	 2	 4019	 	 6	 25	 83
 	 2	 4020	 	 6	 25	 84
 	 2	 4021	 	 6	 25	 85
 	 2	 4022	 	 6	 25	 86
 	 2	 4023	 	 6	 25	 87
 	 2	 4024	 	 6	 25	 95
 	 2	 4025	 	 6	 25	 94
 	 2	 4026	 	 6	 25	 93
 	 2	 4027	 	 6	 25	 92
 	 2	 4028	 	 6	 25	 91
 	 2	 4029	 	 6	 25	 90
 	 2	 4030	 	 6	 25	 89
 	 2	 4031	 	 6	 25	 88
 	 2	 4032	 	 6	 26	 79
 	 2	 4033	 	 6	 26	 78
 	 2	 4034	 	 6	 26	 77
 	 2	 4035	 	 6	 26	 76
 	 2	 4036	 	 6	 26	 75
 	 2	 4037	 	 6	 26	 74
 	 2	 4038	 	 6	 26	 73
 	 2	 4039	 	 6	 26	 72
 	 2	 4040	 	 6	 26	 64
 	 2	 4041	 	 6	 26	 65
 	 2	 4042	 	 6	 26	 66
 	 2	 4043	 	 6	 26	 67
 	 2	 4044	 	 6	 26	 68
 	 2	 4045	 	 6	 26	 69
 	 2	 4046	 	 6	 26	 70
 	 2	 4047	 	 6	 26	 71
 	 2	 4048	 	 6	 27	 64
 	 2	 4049	 	 6	 27	 65
 	 2	 4050	 	 6	 27	 66
 	 2	 4051	 	 6	 27	 67
 	 2	 4052	 	 6	 27	 68
 	 2	 4053	 	 6	 27	 69
 	 2	 4054	 	 6	 27	 70
 	 2	 4055	 	 6	 27	 71
 	 2	 4056	 	 6	 27	 79
 	 2	 4057	 	 6	 27	 78
 	 2	 4058	 	 6	 27	 77
 	 2	 4059	 	 6	 27	 76
 	 2	 4060	 	 6	 27	 75
 	 2	 4061	 	 6	 27	 74
 	 2	 4062	 	 6	 27	 73
 	 2	 4063	 	 6	 27	 72
 	 2	 4064	 	 6	 26	 63
 	 2	 4065	 	 6	 26	 62
 	 2	 4066	 	 6	 26	 61
 	 2	 4067	 	 6	 26	 60
 	 2	 4068	 	 6	 26	 59
 	 2	 4069	 	 6	 26	 58
 	 2	 4070	 	 6	 26	 57
 	 2	 4071	 	 6	 26	 56
 	 2	 4072	 	 6	 26	 48
 	 2	 4073	 	 6	 26	 49
 	 2	 4074	 	 6	 26	 50
 	 2	 4075	 	 6	 26	 51
 	 2	 4076	 	 6	 26	 52
 	 2	 4077	 	 6	 26	 53
 	 2	 4078	 	 6	 26	 54
 	 2	 4079	 	 6	 26	 55
 	 2	 4080	 	 6	 27	 48
 	 2	 4081	 	 6	 27	 49
 	 2	 4082	 	 6	 27	 50
 	 2	 4083	 	 6	 27	 51
 	 2	 4084	 	 6	 27	 52
 	 2	 4085	 	 6	 27	 53
 	 2	 4086	 	 6	 27	 54
 	 2	 4087	 	 6	 27	 55
 	 2	 4088	 	 6	 27	 63
 	 2	 4089	 	 6	 27	 62
 	 2	 4090	 	 6	 27	 61
 	 2	 4091	 	 6	 27	 60
 	 2	 4092	 	 6	 27	 59
 	 2	 4093	 	 6	 27	 58
 	 2	 4094	 	 6	 27	 57
 	 2	 4095	 	 6	 27	 56